REDE BOTANICO
0.0  0.0
LOCAL
  13    1 34	24  1
   1         -0.0027 	     0.0016
   2	     17.0427 	    -2.0257
  11          -0.622  	    42.4427
  12          3.5598  	    42.3948
  13  	      8.0974  	    42.3776
  14 	      12.685        42.391
  15         17.3243 	    42.4443
  21  	     -0.6703  	    42.2237
  25         17.2935 	    42.4497
  32          3.0326  	    42.2312
  33          7.8513  	    42.2218
  34         11.1385 	    42.2377
 100         -0.3192  	    23.8258
 200         16.2754   	    11.1994