   1          -.0029          .0015
   2         17.0426        -2.0259
  11          -.6222        42.4432
  12          3.5593        42.3938
  13          8.0967        42.3769
  14         12.6842        42.3905
  15         17.3234        42.4439
  21          -.6705        42.2221
  25         17.2936        42.4502
  32          3.0325        42.2317
  33          7.8512        42.2223
  34         11.1385        42.2382
 100          -.3194        23.8260
 200         16.2754        11.1994
