REDE BOTANICO                 
    .0000000       .0000000
LOCAL           
  13    1      34   24    1
   1          -.0035         -.0030
   2         17.0442        -2.0277
  11          -.6213        42.4406
  12          3.5610        42.3944
  13          8.0977        42.3763
  14         12.6848        42.3902
  15         17.3259        42.4440
  21          -.6686        42.2224
  25         17.2953        42.4498
  32          3.0340        42.2312
  33          7.8527        42.2200
  34         11.1399        42.2372
 100          -.3201        23.8288
 200         16.2754        11.1994
