REDE BOTANICO
0.0  0.0
LOCAL
  13    1 	33 	24	1
   2         17.0467        -2.0268
  11          -.6257        42.4369
  12          3.5551        42.3917
  13          8.0925        42.3753
  14         12.6795        42.3893
  15         17.3192        42.4441
  21          -.6745        42.2224
  25         17.2882        42.4493
  32          3.0302        42.2358
  33          7.8469        42.2205
  34         11.1381        42.2428
 100          -.3192        23.8246
   1           .0000          .0000
 200         16.2754        11.1994


