REDE BOTANICO                 
    .0000000       .0000000
LOCAL           
  13    1      32   21    1
   1          -.0039         -.0059
   2         17.0440        -2.0279
  11          -.6223        42.4413
  12          3.5600        42.3905
  13          8.0970        42.3726
  14         12.6832        42.3894
  15         17.3251        42.4419
  21          -.6701        42.2211
  25         17.2934        42.4486
  32          3.0347        42.2305
  33          7.8512        42.2206
  34         11.1399        42.2382
 100          -.3205        23.8266
 200         16.2754        11.1994
