         1   -0.0006   -0.0054   -0.0035   -0.0039
         2    0.0013   -0.0017   17.0439   -2.0276
        11    0.0003    -0.002   -0.6219   42.4412
        12    0.0016   -0.0002    3.5609   42.3936
        13    0.0023   -0.0002     8.099   42.3767
        14   -0.0007   -0.0007   12.6835   42.3898
        15     0.002   -0.0015   17.3254   42.4424
        21    0.0014   -0.0005   -0.6691   42.2216
        25    0.0002   -0.0023   17.2938   42.4479
        32    0.0026   -0.0008    3.0351   42.2309
        33    0.0003   -0.0014    7.8515   42.2209
        34    0.0017    0.0004   11.1402   42.2386
       100   -0.0007    0.0012   -0.3201   23.8272
       200         0         0   16.2754   11.1994
