   1          -.0035         -.0039
   2         17.0439        -2.0276
  11          -.6219        42.4412
  12          3.5609        42.3936
  13          8.0990        42.3767
  14         12.6835        42.3898
  15         17.3254        42.4424
  21          -.6691        42.2216
  25         17.2938        42.4479
  32          3.0351        42.2309
  33          7.8515        42.2209
  34         11.1402        42.2386
 100          -.3201        23.8272
 200         16.2754        11.1994
   1          -.0029          .0015
   2         17.0426        -2.0259
  11          -.6222        42.4432
  12          3.5593        42.3938
  13          8.0967        42.3769
  14         12.6842        42.3905
  15         17.3234        42.4439
  21          -.6705        42.2221
  25         17.2936        42.4502
  32          3.0325        42.2317
  33          7.8512        42.2223
  34         11.1385        42.2382
 100          -.3194        23.8260
 200         16.2754        11.1994

