  1  100     23.8335    756900.0
  1  200     19.7613    756900.0
  1    2     17.1685    756900.0
  2    1     17.1634    756900.0
  2  100     31.1434    756900.0
  2  200     13.2511    756900.0
100    1     23.8412    756900.0
100   11     18.6176    756900.0
100   12     18.9679    756900.0
100   13     20.3707    756900.0
100   14     22.6631    756900.0
100   15     25.6495    756900.0
100  200     20.8577    756900.0
100    2     31.1508    756900.0
100    1     23.8491    756900.0
100   21     18.3981    756900.0
100   25     25.6334    756900.0
100  200     20.8595    756900.0
100    2     31.1508    756900.0
100    1     23.8491    756900.0
100   32     18.7068    756900.0
100   33     20.1273    756900.0
100   34     21.6858    756900.0
100  200     20.8595    756900.0
100    2     31.1508    756900.0
200    1     19.7715    756900.0
200  100     20.8602    756900.0
200   11     35.5184    756900.0
200   12     33.6856    756900.0
200   13     32.2317    756900.0
200   14     31.3956    756900.0
200   15     31.2618    756900.0
200    2     13.2562    756900.0
200    1      9.8898    756900.0
200  100     20.8606    756900.0
200   21     35.3478    756900.0
200   32     33.7385    756900.0
200   33     32.1434    756900.0
200   34     31.4597    756900.0
200   25     31.2665    756900.0
200    2     13.2559    756900.0
  2    1     17.1720    756900.0
  2  100     31.1510    756900.0
  2  200     13.2568    756900.0
200    1     19.7739    756900.0
200  100     20.8596    756900.0
200    2     13.2561    756900.0
100    1     23.8474    756900.0
100  200     20.8603    756900.0
100    2     31.1487    756900.0
