  1  100     23.8257    249858.2
  1  200     19.7577    249902.4
  1    2     17.1682    249926.3
  2    1     17.1623    249926.4
  2  100     31.1407    249757.8
  2  200     13.2477    249956.1
200    1     19.7601    249902.4
200  100     20.8517    249891.3
200   11     35.5204    249685.0
200   12     33.6873    249716.6
200   13     32.2331    249740.5
200   14     31.3968    249753.8
200   15     31.2632    249755.9
200    2     13.2555    249956.1
200    1     19.7681    249902.3
200  100     20.8596    249891.3
200   21     35.3485    249688.0
200   32     33.7389    249715.7
200   33     32.1434    249742.0
200   34     31.4600    249752.8
200   25     31.2674    249755.8
200    2     13.2554    249956.1
100    1     23.8404    249858.0
100   11     18.6198    249913.4
100   12     18.9700    249910.1
100   13     20.3723    249896.3
100   14     22.6645    249871.6
100   15     25.6503    249835.6
100  200     20.8594    249891.3
100    2     31.1487    249757.7
100    1     23.8404    249858.0
100   21     18.4002    249915.4
100   32     18.7087    249912.5
100   33     20.1288    249898.7
100   34     21.6880    249882.5
100   25     25.6342    249835.8
100  200     20.8593    249891.3
