  1  100     23.8257    756470.6
  1  200     19.7577    756604.6
  1    2     17.1682    756677.0
  2    1     17.1623    756677.1
  2  100     31.1407    756166.7
  2  200     13.2477    756767.2
200    1     19.7601    756604.6
200  100     20.8517    756571.0
200   11     35.5204    755946.2
200   12     33.6873    756042.0
200   13     32.2331    756114.4
200   14     31.3968    756154.6
200   15     31.2632    756160.9
200    2     13.2555    756767.0
200    1     19.7681    756604.3
200  100     20.8596    756570.8
200   21     35.3485    755955.4
200   32     33.7389    756039.4
200   33     32.1434    756118.8
200   34     31.4600    756151.6
200   25     31.2674    756160.7
200    2     13.2554    756767.0
100    1     23.8404    756470.1
100   11     18.6198    756637.7
100   12     18.9700    756627.7
100   13     20.3723    756586.0
100   14     22.6645    756511.4
100   15     25.6503    756402.3
100  200     20.8594    756570.8
100    2     31.1487    756166.3
100    1     23.8404    756470.0
100   21     18.4002    756643.8
100   32     18.7087    756635.2
100   33     20.1288    756593.5
100   34     21.6880    756544.1
100   25     25.6342    756403.0
100  200     20.8593    756570.8
