  2    1     17.1632    756900.0
  2  100     31.1445    756900.0
  2  200     13.2488    756900.0
  1  100     23.8321    756900.0
  1  200     19.7599    756900.0
  1    2     17.1693    756900.0
200    1     19.7609    756900.0
200  100     20.8533    756900.0
200   11     35.5187    756900.0
200   12     33.6864    756900.0
200   13     32.2322    756900.0
200   14     31.3957    756900.0
200   15     31.2625    756900.0
200    2     13.2563    756900.0
200    1     19.7689    756900.0
200  100     20.8612    756900.0
200   21     35.3477    756900.0
200   32     33.7384    756900.0
200   33     32.1437    756900.0
200   34     31.4597    756900.0
200   25     31.2668    756900.0
200    2     13.2562    756900.0
100    1     23.8456    756900.0
100   11     18.6173    756900.0
100   12     18.9675    756900.0
100   13     20.3704    756900.0
100   14     22.6627    756900.0
100   15     25.6493    756900.0
100  200     20.8611    756900.0
100    2     31.1518    756900.0
100    1     23.8457    756900.0
100   21     18.3977    756900.0
100   32     18.7065    756900.0
100   33     20.1273    756900.0
100   34     21.6863    756900.0
100   25     25.6328    756900.0
100  200     20.8611    756900.0
100    2     31.1519    756900.0
