  2    1         1.5       8.6
  2  100         1.1       6.8
  2  200          .8      11.1
  1  100         4.2       7.2
  1  200         1.7       8.0
  1    2          .4       8.1
200    1         2.8       8.4
200  100         4.5       7.3
200   11         1.1     -12.4
200   12         3.8       4.0
200   13         -.5       3.3
200   14         2.4       4.8
200   15         -.9       3.6
200    2         2.8      11.1
200    1         -.3       8.2
200  100          .8       8.2
200   21         1.6       5.8
200   32         2.3       4.3
200   33         1.9       5.6
200   34         1.7       3.4
200   25          .9       5.0
200    2         3.2       7.5
100    1         2.8       8.1
100   11         1.8       4.0
100   12         2.1       2.9
100   13         5.3       5.9
100   14         2.8       5.5
100   15          .4       4.9
100  200         1.0       7.4
100    2          .7       7.5
100    1          .0       4.2
100   21         2.3       7.5
100   32          .8       8.1
100   33         -.9       1.7
100   34        -1.1       8.5
100   25          .1       5.9
100  200         2.9       8.7
100    2         1.4       6.4
