          26
   9.303996107860954E+008
 -6317153.823341170000000
   2.974057955231776E+008
  -1.781771564495703E+007
   8.184363342214057E+007
   3.718225859124558E+008
  -8.293656747104116E+007
  -1.369153811308318E+008
  -1.422662936875823E+007
   1.863316205098940E+008
  3777747.582392145000000
 -5491663.779219435000000
   1.862814105812584E+007
  6421088.250031259000000
   1.281571152124900E+008
  2043129.665990758000000
 -2970071.699672773000000
  5509136.557532446000000
   406490.706118291600000
   1.374024451987110E+007
  7290871.981248509000000
  4193498.980927671000000
 -6096036.317802764000000
   1.938017997332170E+007
  6255982.068102241000000
  -2.046718404248005E+007
 -2231923.200638308000000
   1.253666607682885E+008
  1709317.872006241000000
 -2484813.725676474000000
  2743544.237579795000000
  -912791.836257515200000
  2043656.549665326000000
  -740826.029035599900000
 -8930149.360641200000000
   1.028515113789059E+007
  4577967.294918291000000
 -6654933.032882623000000
   1.927204253668599E+007
  5563607.586559859000000
  -1.854661426918493E+007
 -2374792.248790923000000
  -1.841109087964147E+007
  1141381.437325290000000
   1.065712190082298E+008
  1200794.664071826000000
 -1745579.983612229000000
  -132319.043907709900000
 -2024503.911728195000000
  5584637.131060445000000
  -452947.652794572800000
  5211746.444893037000000
 -1798137.136177478000000
  -2.416659752011978E+007
   1.864077591309487E+007
  4826876.808541880000000
 -7016769.638017640000000
   1.853740082104742E+007
  4668988.007065943000000
  -1.596437974885231E+007
 -2445511.567567107000000
  -1.596183601562206E+007
   482686.510412514700000
  -1.487023326189746E+007
  3130913.537876074000000
   8.514225770786840E+007
   555611.692364657500000
  -807685.675054472500000
 -2642616.718609971000000
 -2670410.989271649000000
  7783982.545324673000000
  -125004.235372354300000
  7408192.744048185000000
 -1875797.481802520000000
  6297701.606171452000000
 -3273312.333458031000000
  -2.879208654403943E+007
   2.511016887656121E+007
  4876992.757438725000000
 -7089622.557731175000000
   1.739892673101799E+007
  3823602.250917689000000
  -1.344908528740994E+007
 -2427295.860837344000000
  -1.355131002546972E+007
   -50472.205670437310000
  -1.279282305718296E+007
  2150894.043427836000000
  -1.159625417914022E+007
  3735404.786627420000000
   6.760707197173476E+007
  -163721.970878147500000
   238000.553960942500000
 -4776353.367945175000000
 -2943890.932393651000000
  8896384.570984548000000
   218839.459534382300000
  8569728.229221905000000
 -1693460.809164184000000
  7459301.532244499000000
 -3261512.583416835000000
  6071828.452126927000000
 -4105795.970641157000000
  -2.854572828415573E+007
   2.742039832244762E+007
   1.212661917757968E+007
   161099.910439695000000
  7703127.862552079000000
  5173430.353090455000000
   0.000000000000000E+000
   0.000000000000000E+000
   0.000000000000000E+000
   0.000000000000000E+000
   0.000000000000000E+000
   0.000000000000000E+000
   0.000000000000000E+000
   0.000000000000000E+000
   0.000000000000000E+000
   0.000000000000000E+000
   1.100764232454155E+008
   231420.716276560000000
     3074.381748127500000
   147004.151892360000000
    98728.173152547490000
   0.000000000000000E+000
   0.000000000000000E+000
   0.000000000000000E+000
   0.000000000000000E+000
   0.000000000000000E+000
   0.000000000000000E+000
   0.000000000000000E+000
   0.000000000000000E+000
   0.000000000000000E+000
   0.000000000000000E+000
  1764442.107167430000000
  1379572.845017435000000
   1.412841847359975E+007
  -1.125813838850302E+007
  4018474.106401440000000
  2698812.259917190000000
   0.000000000000000E+000
   0.000000000000000E+000
   0.000000000000000E+000
   0.000000000000000E+000
   0.000000000000000E+000
   0.000000000000000E+000
   0.000000000000000E+000
   0.000000000000000E+000
   0.000000000000000E+000
   0.000000000000000E+000
 -8190348.591213960000000
  -156302.124258820000000
   6.504516621302177E+007
 -6236780.163825692000000
   290037.919068327200000
 -3800287.768954740000000
 -2552278.041490959000000
   0.000000000000000E+000
   0.000000000000000E+000
   0.000000000000000E+000
   0.000000000000000E+000
   0.000000000000000E+000
   0.000000000000000E+000
   0.000000000000000E+000
   0.000000000000000E+000
   0.000000000000000E+000
   0.000000000000000E+000
  7745646.917341785000000
   147815.572616532500000
  -2.901508769791767E+007
   2.794151002679458E+007
   1.839071291555855E+007
 -9516710.889334032000000
  7455538.330297260000000
  5007148.912079791000000
   0.000000000000000E+000
   0.000000000000000E+000
   0.000000000000000E+000
   0.000000000000000E+000
   0.000000000000000E+000
   0.000000000000000E+000
   0.000000000000000E+000
   0.000000000000000E+000
   0.000000000000000E+000
   0.000000000000000E+000
  -1.519568279985121E+007
  -289989.794051967500000
  -1.534189981934835E+007
  7738256.676289684000000
   1.283852413765196E+008
   702137.203721389600000
 -4156184.551368675000000
 -1357725.062102640000000
  -911849.857975265000000
   0.000000000000000E+000
   0.000000000000000E+000
   0.000000000000000E+000
   0.000000000000000E+000
   0.000000000000000E+000
   0.000000000000000E+000
   0.000000000000000E+000
   0.000000000000000E+000
   0.000000000000000E+000
   0.000000000000000E+000
  2767279.632817260000000
    52809.923803670000000
 -1720660.517895170000000
 -1262131.220205635000000
 -8094211.830523054000000
  9393503.110638259000000
   1.746101171830650E+007
  -1.051753230496804E+007
  6436944.099941460000000
  4323059.746894929000000
   0.000000000000000E+000
   0.000000000000000E+000
   0.000000000000000E+000
   0.000000000000000E+000
   0.000000000000000E+000
   0.000000000000000E+000
   0.000000000000000E+000
   0.000000000000000E+000
   0.000000000000000E+000
   0.000000000000000E+000
  -1.311961073898527E+007
  -250370.665560192500000
  -1.500975476507750E+007
  6738502.765218648000000
  -1.966163218614963E+007
  -659341.823124595000000
   1.075940285465721E+008
 -2510851.395244645000000
 -2952371.208214246000000
 -2858939.523932520000000
 -1920067.377131958000000
   0.000000000000000E+000
   0.000000000000000E+000
   0.000000000000000E+000
   0.000000000000000E+000
   0.000000000000000E+000
   0.000000000000000E+000
   0.000000000000000E+000
   0.000000000000000E+000
   0.000000000000000E+000
   0.000000000000000E+000
  5827015.599006930000000
   111200.995424185000000
   822386.046621520100000
 -2802480.269060459000000
  3748740.395618450000000
 -1834025.679298450000000
  -2.566525545549977E+007
   1.873761891133121E+007
   1.639230230247140E+007
  -1.101090902872957E+007
  5550580.528916640000000
  3727776.858692390000000
   0.000000000000000E+000
   0.000000000000000E+000
   0.000000000000000E+000
   0.000000000000000E+000
   0.000000000000000E+000
   0.000000000000000E+000
   0.000000000000000E+000
   0.000000000000000E+000
   0.000000000000000E+000
   0.000000000000000E+000
  -1.131304774193076E+007
  -215894.766164420000000
  -1.443132929044788E+007
  5859105.445949770000000
  -1.822355492577055E+007
 -1110231.615231520000000
  -1.746424561110045E+007
  2023413.745466820000000
   9.076508768237536E+007
 -4170827.426898078000000
 -1913776.973847772000000
 -3454118.634999900000000
 -2319790.416092556000000
   0.000000000000000E+000
   0.000000000000000E+000
   0.000000000000000E+000
   0.000000000000000E+000
   0.000000000000000E+000
   0.000000000000000E+000
   0.000000000000000E+000
   0.000000000000000E+000
   0.000000000000000E+000
   0.000000000000000E+000
  7040094.062318475000000
   134351.016280637500000
  2260912.495534960000000
 -3427193.481719476000000
  5609933.411081750000000
 -1754616.993701395000000
  4557099.395665187000000
 -2972879.484363972000000
  -2.975263953516429E+007
   2.429681512240201E+007
  -8.866551478644040E+008
  -9.951483289077140E+007
  -7.708881774955215E+007
  -2.408800962762436E+007
  -7.468777940001011E+007
 -3220909.538109776000000
  -6.776230852854291E+007
   1.137996616539224E+007
  -4.663961278861743E+007
   1.749789669304459E+007
  -2.581452932156891E+007
   1.356668650643626E+007
  -1.205444579389217E+007
  6193110.896011376000000
  -9.030460888497637E+007
 -1708886.552990255000000
  -1.612454716270658E+007
   1.453323632282762E+007
  -8.351884097715099E+007
   1.507171672813305E+007
  -5.833342607923370E+007
   2.557236678124538E+007
  -3.999074241150018E+007
   2.441523268879661E+007
   1.668111391486862E+009
   2.310953682619611E+007
  -2.444370159168395E+007
   2.421004137800307E+007
  8312232.685410408000000
  -5.220149545280554E+007
 -3485656.741105273000000
  -2.547974115826255E+007
  1125935.762456576000000
 -5414116.819900655000000
 -2661675.106574229000000
  1733243.376352220000000
 -7208703.017545709000000
  1610671.043018872000000
 -8214423.357943687000000
  -4.182566806230278E+007
 -1555061.446606555000000
   1.137113025768938E+007
  -1.151069159808054E+007
  -1.688215899321919E+007
  2317527.494726569000000
  5713150.199480659000000
 -3294346.935181709000000
   1.182185907447194E+007
 -8113565.005040090000000
   1.631549730424210E+008
   1.631773088905888E+008
