  1  100  359 59 59.5  1.0
  1  200   56 14 11.5  1.0
  1    2   97 32 37.5  1.0
  2    1  359 59 56.5  1.0
  2  100   49 19 52.0  1.0
  2  200   79 53 46.5  1.0
200    1  359 59 53.5  1.0
200  100   71 47 22.5  1.0
200   11   96  6 50.5  1.0
200   12  102 20 37.0  1.0
200   13  109 49 20.5  1.0
200   14  117 57 13.5  1.0
200   15  126 26 33.5  1.0
200    2  301 12  6.0  1.0
200    1  359 59 54.5  1.0
200  100   71 47 28.0  1.0
200   21   95 52 46.0  1.0
200   32  101 24 45.0  1.0
200   33  109 19 50.0  1.0
200   34  115  7 31.5  1.0
200   25  126 23 19.5  1.0
200    2  301 12  8.5  1.0
100    1  359 59 58.5  1.0
100   11  179 49 44.5  1.0
100   12  192 33 35.5  1.0
100   13  205  9 48.5  1.0
100   14  215 46 13.0  1.0
100   15  224 13 14.0  1.0
100  200  308  1 38.5  1.0
100    2  326 52 31.0  1.0
100    1    0  0 11.5  1.0
100   21  179 40 15.5  1.0
100   32  191  5  7.5  1.0
100   33  204 42 44.5  1.0
100   34  212 39 30.0  1.0
100   25  224  9 57.0  1.0
100  200  308  1 51.0  1.0
