  1  100    0  0  1.5  1.0 1  200   56 12 45.6  1.0
  1    2   97 31 31.2  1.0
  2    1  359 59 57.0  1.0
  2  100   49 20 56.5  1.0 2  200   79 54  1.3  1.0
100    1  359 59 54.0  1.0
100   11  179 49 50.2  1.0
100   12  192 33 58.4  1.0
100   13  205 10 16.5  1.0
100   14  215 46 18.0  1.0
100   15  224 13 39.6  1.0
100  200  308  1 32.2  1.0 100    2  326 52 20.5  1.0 200    1  359 59 57.1  1.0 200  100   71 48 26.6  1.0
200   11   96  7 53.4  1.0
200   12  102 21 35.9  1.0 
200   13  109 50 18.3  1.0
200   14  117 58  9.0  1.0
200   15  126 27 47.8  1.0 
200    2  301 12 47.9  1.0
100    1  359 59 57.6  1.0
100   21  179 40 17.1  1.0
100   25  224 10   .9  1.0
100  200  308  1 36.3  1.0 100    2  326 52 24.2  1.0 100    1    0  0  2.4  1.0
100   32  191  5 32.2  1.0
100   33  204 42 50.1  1.0
100   34  212 39 38.4  1.0 100  200  308  1 43.0  1.0 100    2  326 52 30.5  1.0
200    1  359 59 58.3  1.0 200  100   71 48 23.1  1.0 200   21   95 53 44.4  1.0 200   32  101 25 44.2  1.0 
200   33  109 20 49.0  1.0
200   34  115  8 42.7  1.0
200   25  126 24 20.7  1.0
200    2  301 12 50.6  1.0   2    1  359 59 55.7  1.0
  2  100   49 21  2.8  1.0   2  200   79 54 48.1  1.0
200    1   37 46 13.9  1.0 200  100  109 34 48.8  1.0
200    2  338 59  6.7  1.0 100    1  359 59 47.7  1.0 100  200  308  1 25.4  1.0 100    2  326 52   .3  1.0 
  1  100     23.8335    756900.0 
  1  200     19.7613    756900.0
  1    2     17.1685    756900.0 2  100     31.1434    756900.0
  2  200     13.2511    756900.0
100   11     18.6176    756900.0 100   12     18.9679    756900.0  100   13     20.3707    756900.0
100   14     22.6631    756900.0
100   15     25.6495    756900.0 100  200     20.8577    756900.0
100   21     18.3981    756900.0
100   25     25.6334    756900.0 
100   32     18.7068    756900.0
100   33     20.1273    756900.0
100   34     21.6858    756900.0
200   11     35.5184    756900.0
200   12     33.6856    756900.0 200   13     32.2317    756900.0
200   14     31.3956    756900.0
200   15     31.2618    756900.0
200   21     35.3478    756900.0
200   32     33.7385    756900.0
200   33     32.1434    756900.0
200   34     31.4597    756900.0
200   25     31.2665    756900.0
100    1     179 14  20.04  10.0