  2    1  359 59 53.1  1.0
  2  100   49 20 28.2  1.0
  2  200   79 53 53.4  1.0
  1  100  359 59 58.7  1.0
  1  200   56 13 36.5  1.0
  1    2   97 32  2.7  1.0
200    1  359 59 56.4  1.0
200  100   71 48 17.5  1.0
200   11   96  7 35.1  1.0
200   12  102 21 30.0  1.0
200   13  109 50  7.2  1.0
200   14  117 57 58.6  1.0
200   15  126 27 31.2  1.0
200    2  301 12 23.6  1.0 100    1  359 59 52.1  1.0
100   11  179 49 57.9  1.0
100   12  192 34  2.5  1.0
100   13  205 10 14.8  1.0
100   14  215 46 35.1  1.0
100   15  224 13 43.4  1.0
100  200  308  1 53.3  1.0
100    2  326 52 33.4  1.0
200    1  360  0   .0  1.0 200  100   71 48 18.0  1.0 200   21   95 53 35.2  1.0
200   32  101 25 32.1  1.0
200   33  109 20 34.6  1.0
200   34  115  8 18.8  1.0
200   25  126 24 10.8  1.0 200    2  301 12 30.8  1.0
100    1  359 59 59.1  1.0
100   21  179 40 30.8  1.0
100   32  191  5 25.7  1.0
100   33  204 43 14.4  1.0
100   34  212 39 53.0  1.0
100   25  224 10 16.0  1.0
100  200  308  1 56.2  1.0
100    2  326 52 37.4  1.0
  2  100     31.1445    756900.0
  2  200     13.2488    756900.0
  1  100     23.8321    756900.0
  1  200     19.7599    756900.0
  1    2     17.1693    756900.0
200   11     35.5187    756900.0
200   12     33.6864    756900.0
200   13     32.2322    756900.0
200   14     31.3957    756900.0
200   15     31.2625    756900.0
200   21     35.3477    756900.0
200   32     33.7384    756900.0
200   33     32.1437    756900.0
200   34     31.4597    756900.0
200   25     31.2668    756900.0 100   11     18.6173    756900.0
100   12     18.9675    756900.0
100   13     20.3704    756900.0
100   14     22.6627    756900.0
100   15     25.6493    756900.0 100  200     20.8611    756900.0
100   21     18.3977    756900.0
100   32     18.7065    756900.0
100   33     20.1273    756900.0
100   34     21.6863    756900.0
100   25     25.6328    756900.0
100    1     179 14  20.04  10.0