       2 -0.0001  0.0006 17.0427 -2.0257
      11  0.0006 -0.0006  -0.622 42.4427
      12  0.0011  0.0013  3.5598 42.3948
      13  0.0013  0.0008  8.0974 42.3776
      14  0.0014  0.0004  12.685  42.391
      15  0.0014  0.0003 17.3243 42.4443
      21  0.0006 -0.0009 -0.6703 42.2237
      25  0.0002 -0.0009 17.2935 42.4497
      32  0.0005 -0.0006  3.0326 42.2312
      33  0.0005 -0.0009  7.8513 42.2218
      34  0.0003 -0.0009 11.1385 42.2377
     100  0.0006 -0.0005 -0.3192 23.8258
       1  0.0006  0.0005 -0.0027  0.0016
     200       0       0 16.2754 11.1994
