       1 -0.0012 -0.0075 -0.0039 -0.0059
       2  0.0013 -0.0022  17.044 -2.0279
      11 -0.0003 -0.0014 -0.6223 42.4413
      12  0.0002 -0.0043    3.56 42.3905
      13 -0.0004  -0.005   8.097 42.3726
      14 -0.0018 -0.0016 12.6832 42.3894
      15  0.0008 -0.0024 17.3251 42.4419
      21  0.0002 -0.0026 -0.6701 42.2211
      25 -0.0001 -0.0011 17.2934 42.4486
      32  0.0021 -0.0007  3.0347 42.2305
      33  -1E-04 -0.0012  7.8512 42.2206
      34  0.0014  0.0005 11.1399 42.2382
     100 -0.0013  0.0008 -0.3205 23.8266
     200       0       0 16.2754 11.1994
