       1 -0.0008 -0.0046 -0.0035  -0.003
       2  0.0015  -0.002 17.0442 -2.0277
      11  0.0007 -0.0021 -0.6213 42.4406
      12  0.0012 -0.0004   3.561 42.3944
      13  0.0003 -0.0013  8.0977 42.3763
      14 -0.0002 -0.0008 12.6848 42.3902
      15  0.0016 -0.0003 17.3259  42.444
      21  0.0017 -0.0013 -0.6686 42.2224
      25  0.0018  0.0001 17.2953 42.4498
      32  0.0014       0   3.034 42.2312
      33  0.0014 -0.0018  7.8527   42.22
      34  0.0014 -0.0005 11.1399 42.2372
     100 -0.0009   0.003 -0.3201 23.8288
     200       0       0 16.2754 11.1994
