       1  0.0006  0.0005 -0.0033  0.0011       
       2 -0.0001  0.0006 17.0428 -2.0263
      11  0.0006 -0.0006 -0.6226 42.4433
      12  0.0011  0.0013  3.5587 42.3935
      13  0.0013  0.0008  8.0961 42.3768
      14  0.0014  0.0004 12.6836 42.3906
      15  0.0014  0.0003 17.3229  42.444
      21  0.0006 -0.0009 -0.6709 42.2246
      25  0.0002 -0.0009 17.2933 42.4506
      32  0.0005 -0.0006  3.0321 42.2318
      33  0.0005 -0.0009  7.8508 42.2227
      34  0.0003 -0.0009 11.1382 42.2386
     100  0.0006 -0.0005 -0.3198 23.8263
     200       0       0 16.2754 11.1994
