      1      1           -8656.2656
      1      2            -114.9969
      1     25            8656.2656
      1     26             114.9969
      1     28               1.0000
      2      1            1419.1518
      2      2           11932.1315
      2      3           -1419.1518
      2      4          -11932.1315
      2     27             -67.7951
      2     28               1.0000
      3      1           -7237.1138
      3      2           11817.1346
      3      3           -1419.1518
      3      4          -11932.1315
      3     25            8656.2656
      3     26             114.9969
      3     27             -67.7951
      3     28               -.5000
      4      1            1419.1518
      4      2           11932.1315
      4      3           -1419.1518
      4      4          -11932.1315
      4     27                .0000
      4     28               1.0000
      5      3           -5498.6736
      5      4           -3692.9161
      5     25            5498.6736
      5     26            3692.9161
      5     27              64.2602
      5     28               1.0000
      6      1            1419.1518
      6      2           11932.1315
      6      3           -6917.8254
      6      4          -15625.0476
      6     25            5498.6736
      6     26            3692.9161
      6     27              64.2602
      6     28               -.5000
      7      1           -8656.2656
      7      2            -114.9969
      7     25            8656.2656
      7     26             114.9969
      7     28               1.0000
      8      5           11076.5191
      8      6             180.1573
      8     25          -11076.5191
      8     26            -180.1573
      8     27              10.7305
      8     28               1.0000
      9      7           10643.5680
      9      8           -2223.4046
      9     25          -10643.5680
      9     26            2223.4046
      9     27              27.2056
      9     28               1.0000
     10      9            9220.5041
     10     10           -4183.1679
     10     25           -9220.5041
     10     26            4183.1679
     10     27              32.0501
     10     28               1.0000
     11     11            7453.3492
     11     12           -5220.7810
     11     25           -7453.3492
     11     26            5220.7810
     11     27               8.8850
     11     28               1.0000
     12     13            5836.9082
     12     14           -5531.2452
     12     25           -5836.9082
     12     26            5531.2452
     12     27              30.2124
     12     28               1.0000
     13     25            5989.7519
     13     26            7872.1992
     13     27              -1.4565
     13     28               1.0000
     14      3           -5498.6736
     14      4           -3692.9161
     14     25            5498.6736
     14     26            3692.9161
     14     27              -6.2350
     14     28               1.0000
     15      1           -8656.2656
     15      2            -114.9969
     15      3           -5498.6736
     15      4           -3692.9161
     15      5           11076.5191
     15      6             180.1573
     15      7           10643.5680
     15      8           -2223.4046
     15      9            9220.5041
     15     10           -4183.1679
     15     11            7453.3492
     15     12           -5220.7810
     15     13            5836.9082
     15     14           -5531.2452
     15     25          -24086.1575
     15     26           28658.5537
     15     27             101.3921
     15     28               -.1250
     16      5            5107.8492
     16      6            2762.4922
     16     27                .0000
     16     28               1.0000
     17      7            5669.9819
     17      8            2311.1491
     17     27              -4.0835
     17     28               1.0000
     18     11            6526.3648
     18     12             751.2362
     18     27              -7.2338
     18     28               1.0000
     19     13            6594.1260
     19     14            -221.3666
     19     27              11.1235
     19     28               1.0000
     20      5            5107.8492
     20      6            2762.4922
     20      7            5669.9819
     20      8            2311.1491
     20     11            6526.3648
     20     12             751.2362
     20     13            6594.1260
     20     14            -221.3666
     20     27               -.1938
     20     28               -.2500
     21      1           -8656.2656
     21      2            -114.9969
     21     25            8656.2656
     21     26             114.9969
     21     28               1.0000
     22     15           11207.2524
     22     16             213.8758
     22     25          -11207.2524
     22     26            -213.8758
     22     27              15.2901
     22     28               1.0000
     23     17            5846.4632
     23     18           -5529.0247
     23     25           -5846.4632
     23     26            5529.0247
     23     27              17.6988
     23     28               1.0000
     24     25            5989.7519
     24     26            7872.1992
     24     27               -.9565
     24     28               1.0000
     25     19           10847.0353
     25     20           -1975.3492
     25     25          -10847.0353
     25     26            1975.3492
     25     27              38.9424
     25     28               1.0000
     26     21            9365.0863
     26     22           -4159.4606
     26     25           -9365.0863
     26     26            4159.4606
     26     27              19.0141
     26     28               1.0000
     27     23            8075.5192
     27     24           -5025.3845
     27     25           -8075.5192
     27     26            5025.3845
     27     27              22.5617
     27     28               1.0000
     28      1           -8656.2656
     28      2            -114.9969
     28     15           11207.2524
     28     16             213.8758
     28     17            5846.4632
     28     18           -5529.0247
     28     19           10847.0353
     28     20           -1975.3492
     28     21            9365.0863
     28     22           -4159.4606
     28     23            8075.5192
     28     24           -5025.3845
     28     25          -30695.3390
     28     26           24462.5393
     28     27             112.5506
     28     28               -.1429
     29      1           -5916.7723
     29      2            8601.1369
     29     28               1.0000
     30     21            6192.2929
     30     22            1681.5106
     30     27              55.3239
     30     28               1.0000
     31     17            6593.4185
     31     18            -214.8062
     31     27              57.3833
     31     28               1.0000
     32      1           -5916.7723
     32      2            8601.1369
     32     17            6593.4185
     32     18            -214.8062
     32     21            6192.2929
     32     22            1681.5106
     32     27             112.7072
     32     28               -.3333
     33      3           -5498.6736
     33      4           -3692.9161
     33     25            5498.6736
     33     26            3692.9161
     33     27                .0000
     33     28               1.0000
     34      3           -5498.6736
     34      4           -3692.9161
     34     25            5498.6736
     34     26            3692.9161
     34     27                .0000
     34     28              -1.0000
     35      1           -5916.7723
     35      2            8601.1369
     35     28               1.0000
     36      3          -15544.1556
     36      4            -901.8480
     36     27              39.0520
     36     28               1.0000
     37      1           -5916.7723
     37      2            8601.1369
     37      3          -15544.1556
     37      4            -901.8480
     37     27              39.0520
     37     28               -.5000
     38      1           -8656.2656
     38      2            -114.9969
     38     25            8656.2656
     38     26             114.9969
     38     28               1.0000
     39     25            5989.7519
     39     26            7872.1992
     39     27              -1.9565
     39     28               1.0000
     40      1           -8656.2656
     40      2            -114.9969
     40     25           14646.0175
     40     26            7987.1961
     40     27              -1.9565
     40     28               -.5000
     41      1                .0133
     41      2               -.9999
     41     25               -.0133
     41     26                .9999
     41     27                .0072
     41     28          756900.0000
     42      1               -.8239
     42      2               -.5668
     42     27                .0036
     42     28          756900.0000
     43      1               -.9930
     43      2                .1181
     43      3                .9930
     43      4               -.1181
     43     27                .0030
     43     28          756900.0000
     44      3                .0579
     44      4               -.9983
     44     27                .0038
     44     28          756900.0000
     45      5               -.0163
     45      6                .9999
     45     25                .0163
     45     26               -.9999
     45     27               -.0018
     45     28          756900.0000
     46     11                .5737
     46     12                .8191
     46     25               -.5737
     46     26               -.8191
     46     27               -.0035
     46     28          756900.0000
     47     13                .6878
     47     14                .7259
     47     25               -.6878
     47     26               -.7259
     47     27               -.0009
     47     28          756900.0000
     48     15               -.0191
     48     16                .9998
     48     25                .0191
     48     26               -.9998
     48     27               -.0031
     48     28          756900.0000
     49     17                .6871
     49     18                .7266
     49     25               -.6871
     49     26               -.7266
     49     27                .0003
     49     28          756900.0000
     50     19                .1792
     50     20                .9838
     50     25               -.1792
     50     26               -.9838
     50     27               -.0013
     50     28          756900.0000
     51     21                .4059
     51     22                .9139
     51     25               -.4059
     51     26               -.9139
     51     27               -.0015
     51     28          756900.0000
     52     23                .5283
     52     24                .8490
     52     25               -.5283
     52     26               -.8490
     52     27               -.0001
     52     28          756900.0000
     53      5               -.4757
     53      6                .8796
     53     27               -.0015
     53     28          756900.0000
     54      7               -.3775
     54      8                .9260
     54     27               -.0018
     54     28          756900.0000
     55     11               -.1144
     55     12                .9934
     55     27               -.0020
     55     28          756900.0000
     56     13                .0336
     56     14                .9994
     56     27               -.0007
     56     28          756900.0000
     57     15               -.4794
     57     16                .8776
     57     27               -.0028
     57     28          756900.0000
     58     19               -.3925
     58     20                .9198
     58     27               -.0009
     58     28          756900.0000
     59     21               -.2621
     59     22                .9651
     59     27               -.0024
     59     28          756900.0000
     60     23               -.1633
     60     24                .9866
     60     27               -.0008
     60     28          756900.0000
     61     17                .0326
     61     18                .9995
     61     27               -.0004
     61     28          756900.0000
     62      1           -8656.2656
     62      2            -114.9969
     62     25            8656.2656
     62     26             114.9969
     62     27                .0678
     62     28              10.0000
     63     29                .0000
