      1      1           -8656.2656
      1      2            -114.9969
      1     25            8656.2656
      1     26             114.9969
      1     28               1.0000
      2      1            1419.1518
      2      2           11932.1315
      2      3           -1419.1518
      2      4          -11932.1315
      2     27             -67.7951
      2     28               1.0000
      3      1           -7237.1138
      3      2           11817.1346
      3      3           -1419.1518
      3      4          -11932.1315
      3     25            8656.2656
      3     26             114.9969
      3     27             -67.7951
      3     28               -.5000
      4      1            1419.1518
      4      2           11932.1315
      4      3           -1419.1518
      4      4          -11932.1315
      4     27                .0000
      4     28               1.0000
      5      3           -5498.6736
      5      4           -3692.9161
      5     25            5498.6736
      5     26            3692.9161
      5     27              64.2602
      5     28               1.0000
      6      1            1419.1518
      6      2           11932.1315
      6      3           -6917.8254
      6      4          -15625.0476
      6     25            5498.6736
      6     26            3692.9161
      6     27              64.2602
      6     28               -.5000
      7      1           -8656.2656
      7      2            -114.9969
      7     25            8656.2656
      7     26             114.9969
      7     28               1.0000
      8      5           11076.5191
      8      6             180.1573
      8     25          -11076.5191
      8     26            -180.1573
      8     27              10.7305
      8     28               1.0000
      9      7           10643.5680
      9      8           -2223.4046
      9     25          -10643.5680
      9     26            2223.4046
      9     27              27.2056
      9     28               1.0000
     10      9            9220.5041
     10     10           -4183.1679
     10     25           -9220.5041
     10     26            4183.1679
     10     27              32.0501
     10     28               1.0000
     11     11            7453.3492
     11     12           -5220.7810
     11     25           -7453.3492
     11     26            5220.7810
     11     27               8.8850
     11     28               1.0000
     12     13            5836.9082
     12     14           -5531.2452
     12     25           -5836.9082
     12     26            5531.2452
     12     27              30.2124
     12     28               1.0000
     13     25            5989.7519
     13     26            7872.1992
     13     27              -1.4565
     13     28               1.0000
     14      1           -8656.2656
     14      2            -114.9969
     14      5           11076.5191
     14      6             180.1573
     14      7           10643.5680
     14      8           -2223.4046
     14      9            9220.5041
     14     10           -4183.1679
     14     11            7453.3492
     14     12           -5220.7810
     14     13            5836.9082
     14     14           -5531.2452
     14     25          -29584.8311
     14     26           24965.6376
     14     27             107.6270
     14     28               -.1429
     15      5            5107.8492
     15      6            2762.4922
     15     27                .0000
     15     28               1.0000
     16      7            5669.9819
     16      8            2311.1491
     16     27              -4.0835
     16     28               1.0000
     17     11            6526.3648
     17     12             751.2362
     17     27              -7.2338
     17     28               1.0000
     18     13            6594.1260
     18     14            -221.3666
     18     27              11.1235
     18     28               1.0000
     19      5            5107.8492
     19      6            2762.4922
     19      7            5669.9819
     19      8            2311.1491
     19     11            6526.3648
     19     12             751.2362
     19     13            6594.1260
     19     14            -221.3666
     19     27               -.1938
     19     28               -.2500
     20      1           -8656.2656
     20      2            -114.9969
     20     25            8656.2656
     20     26             114.9969
     20     28               1.0000
     21     15           11207.2524
     21     16             213.8758
     21     25          -11207.2524
     21     26            -213.8758
     21     27              15.2901
     21     28               1.0000
     22     17            5846.4632
     22     18           -5529.0247
     22     25           -5846.4632
     22     26            5529.0247
     22     27              17.6988
     22     28               1.0000
     23     25            5989.7519
     23     26            7872.1992
     23     27               -.9565
     23     28               1.0000
     24     19           10847.0353
     24     20           -1975.3492
     24     25          -10847.0353
     24     26            1975.3492
     24     27              38.9424
     24     28               1.0000
     25     21            9365.0863
     25     22           -4159.4606
     25     25           -9365.0863
     25     26            4159.4606
     25     27              19.0141
     25     28               1.0000
     26     23            8075.5192
     26     24           -5025.3845
     26     25           -8075.5192
     26     26            5025.3845
     26     27              22.5617
     26     28               1.0000
     27      1           -8656.2656
     27      2            -114.9969
     27     15           11207.2524
     27     16             213.8758
     27     17            5846.4632
     27     18           -5529.0247
     27     19           10847.0353
     27     20           -1975.3492
     27     21            9365.0863
     27     22           -4159.4606
     27     23            8075.5192
     27     24           -5025.3845
     27     25          -30695.3390
     27     26           24462.5393
     27     27             112.5506
     27     28               -.1429
     28      1           -5916.7723
     28      2            8601.1369
     28     28               1.0000
     29     21            6192.2929
     29     22            1681.5106
     29     27              55.3239
     29     28               1.0000
     30     17            6593.4185
     30     18            -214.8062
     30     27              57.3833
     30     28               1.0000
     31      1           -5916.7723
     31      2            8601.1369
     31     17            6593.4185
     31     18            -214.8062
     31     21            6192.2929
     31     22            1681.5106
     31     27             112.7072
     31     28               -.3333
     32      3           -5498.6736
     32      4           -3692.9161
     32     25            5498.6736
     32     26            3692.9161
     32     27                .0000
     32     28               1.0000
     33      3           -5498.6736
     33      4           -3692.9161
     33     25            5498.6736
     33     26            3692.9161
     33     27                .0000
     33     28              -1.0000
     34      1           -5916.7723
     34      2            8601.1369
     34     28               1.0000
     35      3          -15544.1556
     35      4            -901.8480
     35     27              39.0520
     35     28               1.0000
     36      1           -5916.7723
     36      2            8601.1369
     36      3          -15544.1556
     36      4            -901.8480
     36     27              39.0520
     36     28               -.5000
     37      1           -8656.2656
     37      2            -114.9969
     37     25            8656.2656
     37     26             114.9969
     37     28               1.0000
     38     25            5989.7519
     38     26            7872.1992
     38     27              -1.9565
     38     28               1.0000
     39      1           -8656.2656
     39      2            -114.9969
     39     25           14646.0175
     39     26            7987.1961
     39     27              -1.9565
     39     28               -.5000
     40      1                .0133
     40      2               -.9999
     40     25               -.0133
     40     26                .9999
     40     27                .0072
     40     28          756900.0000
     41      1               -.8239
     41      2               -.5668
     41     27                .0036
     41     28          756900.0000
     42      1               -.9930
     42      2                .1181
     42      3                .9930
     42      4               -.1181
     42     27                .0030
     42     28          756900.0000
     43      3                .0579
     43      4               -.9983
     43     27                .0038
     43     28          756900.0000
     44      5               -.0163
     44      6                .9999
     44     25                .0163
     44     26               -.9999
     44     27               -.0018
     44     28          756900.0000
     45     11                .5737
     45     12                .8191
     45     25               -.5737
     45     26               -.8191
     45     27               -.0035
     45     28          756900.0000
     46     13                .6878
     46     14                .7259
     46     25               -.6878
     46     26               -.7259
     46     27               -.0009
     46     28          756900.0000
     47     15               -.0191
     47     16                .9998
     47     25                .0191
     47     26               -.9998
     47     27               -.0031
     47     28          756900.0000
     48     17                .6871
     48     18                .7266
     48     25               -.6871
     48     26               -.7266
     48     27                .0003
     48     28          756900.0000
     49     19                .1792
     49     20                .9838
     49     25               -.1792
     49     26               -.9838
     49     27               -.0013
     49     28          756900.0000
     50     21                .4059
     50     22                .9139
     50     25               -.4059
     50     26               -.9139
     50     27               -.0015
     50     28          756900.0000
     51     23                .5283
     51     24                .8490
     51     25               -.5283
     51     26               -.8490
     51     27               -.0001
     51     28          756900.0000
     52      5               -.4757
     52      6                .8796
     52     27               -.0015
     52     28          756900.0000
     53      7               -.3775
     53      8                .9260
     53     27               -.0018
     53     28          756900.0000
     54     11               -.1144
     54     12                .9934
     54     27               -.0020
     54     28          756900.0000
     55     13                .0336
     55     14                .9994
     55     27               -.0007
     55     28          756900.0000
     56     15               -.4794
     56     16                .8776
     56     27               -.0028
     56     28          756900.0000
     57     19               -.3925
     57     20                .9198
     57     27               -.0009
     57     28          756900.0000
     58     21               -.2621
     58     22                .9651
     58     27               -.0024
     58     28          756900.0000
     59     23               -.1633
     59     24                .9866
     59     27               -.0008
     59     28          756900.0000
     60     17                .0326
     60     18                .9995
     60     27               -.0004
     60     28          756900.0000
     61      1           -8656.2656
     61      2            -114.9969
     61     25            8656.2656
     61     26             114.9969
     61     27                .0678
     61     28              10.0000
     62     29                .0000
