      1     25            8656.0942
      1     26             115.9736
      1     27                .0000
      1     28               1.0000
      2     23            5918.4070
      2     24           -8600.8573
      2     27               5.9005
      2     28               1.0000
      3      1           -1418.5982
      3      2          -11931.3290
      3     27             -15.0102
      3     28               1.0000
      4      1           -1418.5982
      4      2          -11931.3290
      4     23            5918.4070
      4     24           -8600.8573
      4     25            8656.0942
      4     26             115.9736
      4     27              -9.1097
      4     28               -.3333
      5      1           -1418.5982
      5      2          -11931.3290
      5     27                .0000
      5     28               1.0000
      6      1           -5497.8941
      6      2           -3693.2576
      6     25            5497.8941
      6     26            3693.2576
      6     27              14.8122
      6     28               1.0000
      7      1          -15542.3265
      7      2            -906.3674
      7     23           15542.3265
      7     24             906.3674
      7     27              54.6020
      7     28               1.0000
      8      1          -22458.8187
      8      2          -16530.9539
      8     23           15542.3265
      8     24             906.3674
      8     25            5497.8941
      8     26            3693.2576
      8     27              69.4142
      8     28               -.3333
      9     23            5918.4070
      9     24           -8600.8573
      9     28               1.0000
     10     23           -5989.6000
     10     24           -7872.7479
     10     25            5989.6000
     10     26            7872.7479
     10     27             -18.4356
     10     28               1.0000
     11      3            5107.8618
     11      4            2763.6169
     11     23           -5107.8618
     11     24           -2763.6169
     11     27              -3.8202
     11     28               1.0000
     12      5            5669.7874
     12      6            2312.1539
     12     23           -5669.7874
     12     24           -2312.1539
     12     27              -5.0139
     12     28               1.0000
     13      7            6189.7373
     13      8            1624.6524
     13     23           -6189.7373
     13     24           -1624.6524
     13     27              -5.1490
     13     28               1.0000
     14      9            6526.4496
     14     10             752.4378
     14     23           -6526.4496
     14     24            -752.4378
     14     27              -1.4054
     14     28               1.0000
     15     11            6594.2402
     15     12            -220.2955
     15     23           -6594.2402
     15     24             220.2955
     15     27              -5.4353
     15     28               1.0000
     16      1          -15542.3265
     16      2            -906.3674
     16     23           15542.3265
     16     24             906.3674
     16     27              30.1913
     16     28               1.0000
     17      1          -15542.3265
     17      2            -906.3674
     17      3            5107.8618
     17      4            2763.6169
     17      5            5669.7874
     17      6            2312.1539
     17      7            6189.7373
     17      8            1624.6524
     17      9            6526.4496
     17     10             752.4378
     17     11            6594.2402
     17     12            -220.2955
     17     23          -14616.9428
     17     24          -22799.8032
     17     25            5989.6000
     17     26            7872.7479
     17     27              -9.0681
     17     28               -.1250
     18     25            8656.0942
     18     26             115.9736
     18     28               1.0000
     19      3           11079.1831
     19      4             182.4476
     19     25          -11079.1831
     19     26            -182.4476
     19     27              19.0270
     19     28               1.0000
     20      5           10645.6443
     20      6           -2221.3711
     20     25          -10645.6443
     20     26            2221.3711
     20     27              22.2872
     20     28               1.0000
     21      7            9222.6969
     21      8           -4181.9748
     21     25           -9222.6969
     21     26            4181.9748
     21     27              16.8096
     21     28               1.0000
     22      9            7455.4932
     22     10           -5220.2147
     22     25           -7455.4932
     22     26            5220.2147
     22     27              14.4486
     22     28               1.0000
     23     11            5838.4880
     23     12           -5530.8460
     23     25           -5838.4880
     23     26            5530.8460
     23     27              12.0902
     23     28               1.0000
     24     23           -5989.6000
     24     24           -7872.7479
     24     25            5989.6000
     24     26            7872.7479
     24     27             -13.5351
     24     28               1.0000
     25      1           -5497.8941
     25      2           -3693.2576
     25     25            5497.8941
     25     26            3693.2576
     25     27              -1.1980
     25     28               1.0000
     26      1           -5497.8941
     26      2           -3693.2576
     26      3           11079.1831
     26      4             182.4476
     26      5           10645.6443
     26      6           -2221.3711
     26      7            9222.6969
     26      8           -4181.9748
     26      9            7455.4932
     26     10           -5220.2147
     26     11            5838.4880
     26     12           -5530.8460
     26     23           -5989.6000
     26     24           -7872.7479
     26     25          -24097.9172
     26     26           28653.9380
     26     27              69.9295
     26     28               -.1250
     27     23            5918.4070
     27     24           -8600.8573
     27     28               1.0000
     28     13            5120.2911
     28     14            2797.5509
     28     23           -5120.2911
     28     24           -2797.5509
     28     27              -3.3256
     28     28               1.0000
     29     17            5621.9899
     29     18            2399.2596
     29     23           -5621.9899
     29     24           -2399.2596
     29     27             -27.0956
     29     28               1.0000
     30     19            6192.0724
     30     20            1682.3995
     30     23           -6192.0724
     30     24           -1682.3995
     30     27               -.1831
     30     28               1.0000
     31     21            6467.2931
     31     22            1070.2573
     31     23           -6467.2931
     31     24           -1070.2573
     31     27             -32.5515
     31     28               1.0000
     32     15            6593.5753
     32     16            -213.6958
     32     23           -6593.5753
     32     24             213.6958
     32     27               5.1041
     32     28               1.0000
     33      1          -15542.3265
     33      2            -906.3674
     33     23           15542.3265
     33     24             906.3674
     33     27              31.6913
     33     28               1.0000
     34      1          -15542.3265
     34      2            -906.3674
     34     13            5120.2911
     34     14            2797.5509
     34     15            6593.5753
     34     16            -213.6958
     34     17            5621.9899
     34     18            2399.2596
     34     19            6192.0724
     34     20            1682.3995
     34     21            6467.2931
     34     22            1070.2573
     34     23           -8534.4883
     34     24          -15430.2613
     34     27             -26.3604
     34     28               -.1429
     35     25            8656.0942
     35     26             115.9736
     35     28               1.0000
     36     13           11207.2150
     36     14             216.4348
     36     25          -11207.2150
     36     26            -216.4348
     36     27              23.5564
     36     28               1.0000
     37     17           10844.3355
     37     18           -1972.8218
     37     25          -10844.3355
     37     26            1972.8218
     37     27              14.4962
     37     28               1.0000
     38     19            9366.7822
     38     20           -4157.9961
     38     25           -9366.7822
     38     26            4157.9961
     38     27              16.9828
     38     28               1.0000
     39     21            8074.4559
     39     22           -5022.8287
     39     25           -8074.4559
     39     26            5022.8287
     39     27              11.8181
     39     28               1.0000
     40     15            5848.1106
     40     16           -5528.6808
     40     25           -5848.1106
     40     26            5528.6808
     40     27              11.9870
     40     28               1.0000
     41     23           -5989.6000
     41     24           -7872.7479
     41     25            5989.6000
     41     26            7872.7479
     41     27             -14.0351
     41     28               1.0000
     42     13           11207.2150
     42     14             216.4348
     42     15            5848.1106
     42     16           -5528.6808
     42     17           10844.3355
     42     18           -1972.8218
     42     19            9366.7822
     42     20           -4157.9961
     42     21            8074.4559
     42     22           -5022.8287
     42     23           -5989.6000
     42     24           -7872.7479
     42     25          -30695.2051
     42     26           24454.6142
     42     27              64.8056
     42     28               -.1429
     43     25               -.0134
     43     26                .9999
     43     27               -.0010
     43     28          756470.6000
     44     23                .8238
     44     24                .5669
     44     27                .0013
     44     28          756604.6000
     45      1                .9930
     45      2               -.1181
     45     27                .0014
     45     28          756677.0000
     46      1                .9930
     46      2               -.1181
     46     27               -.0045
     46     28          756677.1000
     47      1                .5576
     47      2               -.8301
     47     25               -.5576
     47     26                .8301
     47     27               -.0020
     47     28          756166.7000
     48      1                .0582
     48      2               -.9983
     48     23               -.0582
     48     24                .9983
     48     27               -.0010
     48     28          756767.2000
     49     23                .7959
     49     24               -.6055
     49     25               -.7959
     49     26                .6055
     49     27                .0004
     49     28          756571.0000
     50      3               -.4759
     50      4                .8795
     50     23                .4759
     50     24               -.8795
     50     27                .0038
     50     28          755946.2000
     51      5               -.3776
     51      6                .9260
     51     23                .3776
     51     24               -.9260
     51     27                .0010
     51     28          756042.0000
     52      7               -.2539
     52      8                .9672
     52     23                .2539
     52     24               -.9672
     52     27                .0012
     52     28          756114.4000
     53      9               -.1145
     53     10                .9934
     53     23                .1145
     53     24               -.9934
     53     27                .0003
     53     28          756154.6000
     54     11                .0334
     54     12                .9994
     54     23               -.0334
     54     24               -.9994
     54     27                .0011
     54     28          756160.9000
     55     13               -.4795
     55     14                .8776
     55     23                .4795
     55     24               -.8776
     55     27               -.0030
     55     28          755955.4000
     56     17               -.3925
     56     18                .9197
     56     23                .3925
     56     24               -.9197
     56     27               -.0056
     56     28          756039.4000
     57     19               -.2622
     57     20                .9650
     57     23                .2622
     57     24               -.9650
     57     27               -.0023
     57     28          756118.8000
     58     21               -.1633
     58     22                .9866
     58     23                .1633
     58     24               -.9866
     58     27               -.0056
     58     28          756151.6000
     59     15                .0324
     59     16                .9995
     59     23               -.0324
     59     24               -.9995
     59     27                .0011
     59     28          756160.7000
     60      3               -.0165
     60      4                .9999
     60     25                .0165
     60     26               -.9999
     60     27                .0050
     60     28          756637.7000
     61      5                .2043
     61      6                .9789
     61     25               -.2043
     61     26               -.9789
     61     27                .0030
     61     28          756627.7000
     62      7                .4130
     62      8                .9107
     62     25               -.4130
     62     26               -.9107
     62     27                .0036
     62     28          756586.0000
     63      9                .5736
     63     10                .8192
     63     25               -.5736
     63     26               -.8192
     63     27                .0014
     63     28          756511.4000
     64     11                .6877
     64     12                .7260
     64     25               -.6877
     64     26               -.7260
     64     27                .0027
     64     28          756402.3000
     65     13               -.0193
     65     14                .9998
     65     25                .0193
     65     26               -.9998
     65     27               -.0010
     65     28          756643.8000
     66     17                .1790
     66     18                .9839
     66     25               -.1790
     66     26               -.9839
     66     27               -.0047
     66     28          756635.2000
     67     19                .4057
     67     20                .9140
     67     25               -.4057
     67     26               -.9140
     67     27                .0018
     67     28          756593.5000
     68     21                .5282
     68     22                .8491
     68     25               -.5282
     68     26               -.8491
     68     27               -.0030
     68     28          756544.1000
     69     29                .0000
