 1  2  258   3  45.75d0  1
 1  3  305   5  39.15d0  1
 1 10    0   0   0.00d0  1
 2  3  266   4   4.02d0  1
 2 10  319   4  39.86d0  1
 2  1    0   0   0.00d0  1
 3  2   81  47  14.31d0  1
 3  4  265  23  57.49d0  1
 3  9  320   2  52.49d0  1
 3 10    0   0   0.00d0  1
 3  1   42  45   0.24d0  1
 4  3  132  37  36.25d0  1
 4  5    0   0   0.00d0  1
 4  9   47  20  33.39d0  1
 5  4  147   6  32.64d0  1
 5  6    0   0   0.00d0  1
 5  9   48   4   8.00d0  1
 6  5    0   0   0.00d0  1
 6  7  211  33  10.87d0  1
 6  9  262  20  55.02d0  1
 7  6   34  22  24.54d0  1
 7  8  316   5  54.47d0  1
 7  9    0   0   0.00d0  1
 8  7  180   5  12.02d0  1
 8 10    0   0   0.00d0  1
 8  9   70  59  12.17d0  1
 9 10  315  35   9.97d0  1
 9  3   18  13  45.28d0  1
 9  4   58  17  50.80d0  1
 9  5   91  54  55.05d0  1
 9  6  126  11  42.38d0  1
 9  7  221   1  37.31d0  1
 9  8  248   1  34.12d0  1
10  1    0   0   0.00d0  1
10  2   37   8  28.55d0  1
10  3   82  20  42.78d0  1
10  9  159  45   3.80d0  1
10  8  201  12  17.70d0  1
10  3  46181.1067d0   10.0d0
 6  5  17574.6427d0   68.1d0
10  2  352  17  27.660d0  37.22098100   -8.04501000  1.d0
 6  5   23  31  13.580d0  37.11070106   -7.29153769  1.d0
