28
0.005 1.D-6
0.984
41018.D-19       
   1      11742.4098   -283760.6250
   2      12391.3031   -287702.7161
   3      11711.0892   -291768.3243
   4       8022.7325   -289247.8110
   5       6529.0862   -289854.1952
   6      15324.5620   -292748.7003
   7      -2867.2295   -282401.4550
   8      20696.1683   -289504.9483
   9      22394.7046   -291854.7567
  10      21874.5631   -283693.0619
  11      17796.2043   -284937.4672
  12      19688.5238   -278362.3486
  13      13422.3992   -280906.3896
  14       1946.1631   -278644.0715
  15       6410.8578   -278553.9936
  16       9571.9651   -278594.1027
  17      -5978.2861   -281302.5493
  18      -8564.7566   -283226.2655
  19      -8373.5210   -278925.1197
  20     -12208.5081   -286012.2448
  21     -10127.9928   -276349.7528
  22       2602.7044   -285739.0353
  23      -4469.5738   -285149.5848
  24      -2549.9777   -286734.9403
  25       6404.2844   -283568.7404
  26       -473.3379   -278906.9654
  27      -3270.8342   -277325.9621
  28      14053.9570   -278736.9830
