          54
    13053.443147259080000
    -1643.383962566995000
     7537.687754974495000
    -5593.431522178205000
     -765.305939889682000
    11182.632422374440000
     -562.582629818653900
     -390.018295082738000
     -857.964304415450000
     5673.165967707184000
      637.025525282000000
       -8.193601747999992
    -3599.493700418603000
      272.659736980317100
     4741.009137207987000
      112.233083792000000
     -146.959055352000000
      173.165192498731900
     -563.530671238422100
     2908.206836804358000
     7645.886830347373000
    -1208.531995673739000
      718.829971577386900
    -1003.718896769484000
     1249.922454065949000
     -974.373469570988900
    -2164.058316921226000
     8673.434445593690000
      644.262606803542000
     -855.671471662273800
      619.984942050840000
    -3560.665034777290000
     -956.497538759670100
    -3504.991522004781000
    -9211.264488305211000
    29557.857139232900000
      240.335528325408000
     -379.084713875911000
      142.877314470000000
     -403.968912600000000
     -250.766643270000000
     -366.956558100000000
    -3097.631902710709000
     6830.674727745847000
     3553.469593612570000
     -610.829786776112100
      409.780555853929000
     -351.935259700000100
      995.055826000000300
      617.688147700000100
      903.887031000000100
     9918.973592270875000
   -23716.792128903620000
    -5732.207937173527000
    23553.718629767880000
      330.441995666500000
      149.746923673500000
     -955.450095385184100
     -780.724267064536000
     -752.412907226396100
     -418.613616617864000
       34.552450749411990
      439.718447258360000
   0.000000000000000E+000
   0.000000000000000E+000
     2154.091286849669000
      174.896775298750000
       -1.383136068749998
      -55.761439139269870
     -820.551584194705100
    -2771.137416945005000
    -5142.552680654171000
      408.923290425234900
      824.611996887050100
   0.000000000000000E+000
   0.000000000000000E+000
     1279.747373220540000
     8927.992109659326000
   0.000000000000000E+000
   0.000000000000000E+000
   0.000000000000000E+000
   0.000000000000000E+000
   0.000000000000000E+000
   0.000000000000000E+000
   0.000000000000000E+000
   0.000000000000000E+000
       87.982544080000010
       83.946512200000000
   0.000000000000000E+000
   0.000000000000000E+000
    16526.084853741880000
   0.000000000000000E+000
   0.000000000000000E+000
   0.000000000000000E+000
   0.000000000000000E+000
   0.000000000000000E+000
   0.000000000000000E+000
   0.000000000000000E+000
   0.000000000000000E+000
      144.193978320000000
      137.579353800000000
   0.000000000000000E+000
   0.000000000000000E+000
    -1928.783577587771000
    11513.916869033450000
       25.676870466250000
      132.084834203750000
     -166.084858766500000
       61.325681893749980
      -49.022311176000010
     -180.686767030000000
   0.000000000000000E+000
   0.000000000000000E+000
   0.000000000000000E+000
   0.000000000000000E+000
     -333.942088425000100
      949.926579414750100
   0.000000000000000E+000
   0.000000000000000E+000
    14851.908969173100000
       16.302628005000000
       83.862631154999990
      132.414247678000000
      177.208159225000000
       81.180121032000000
      299.214240710000000
   0.000000000000000E+000
   0.000000000000000E+000
   0.000000000000000E+000
   0.000000000000000E+000
      390.735735330000000
    -1600.696970307000000
   0.000000000000000E+000
   0.000000000000000E+000
      933.609505086367600
     4318.386361602064000
   0.000000000000000E+000
   0.000000000000000E+000
      -22.185610192000000
      -12.896609470000000
      -10.474714728000000
      -38.607774590000010
   0.000000000000000E+000
   0.000000000000000E+000
   0.000000000000000E+000
   0.000000000000000E+000
     -193.033870827500000
      514.539164165500000
   0.000000000000000E+000
   0.000000000000000E+000
    -3215.741314223500000
    -2382.151116658000000
     2503.611206499500000
   0.000000000000000E+000
   0.000000000000000E+000
      175.464730400000000
      101.998551500000000
       82.843923600000010
      305.346695500000000
   0.000000000000000E+000
   0.000000000000000E+000
   0.000000000000000E+000
   0.000000000000000E+000
     -587.372982517500100
     -568.601861602500000
   0.000000000000000E+000
   0.000000000000000E+000
    -2217.964992427500000
    -1898.283023440000000
     1718.684500077500000
     1962.263952567500000
      -11.262765031250000
      -57.936984718750000
       27.307127312500000
      -53.374208718750000
   0.000000000000000E+000
   0.000000000000000E+000
   0.000000000000000E+000
   0.000000000000000E+000
   0.000000000000000E+000
   0.000000000000000E+000
      187.166164242500000
     -253.203198291250000
   0.000000000000000E+000
   0.000000000000000E+000
    -9313.867262485135000
     1921.429912488331000
      491.346588780000000
      355.165241660000000
    11306.672535274750000
       36.911952271249990
      189.879413158750000
      -89.494842272499990
      174.925627878750000
   0.000000000000000E+000
   0.000000000000000E+000
   0.000000000000000E+000
   0.000000000000000E+000
   0.000000000000000E+000
   0.000000000000000E+000
     -168.181779270000000
       92.547037938750010
   0.000000000000000E+000
   0.000000000000000E+000
      990.012169438730200
     -353.698839896070000
      -99.623343082499990
      -72.011792752500000
    -2000.535119044788000
     3213.146198113901000
     -540.261776794757000
     -151.316112684078900
     -817.150034313894000
      971.826366322254000
       83.488785464000000
     -280.795104464000000
       18.534173320509010
     -111.302911870810000
   0.000000000000000E+000
   0.000000000000000E+000
     -702.008575630000000
     -174.965228045250100
   0.000000000000000E+000
   0.000000000000000E+000
    -2484.471948175950000
    -1213.532223835825000
      446.477642077499900
      473.180153507500000
     -876.423540146472900
      768.084102482101800
     7145.182258609410000
     -456.826352918667100
    -1742.860550796349000
      805.689876257886000
    -1777.127904575226000
     -276.628619460000000
      130.712368764000000
     -230.742658496821000
      349.410927078890000
   0.000000000000000E+000
   0.000000000000000E+000
     -400.704066628500100
    -1681.101430275750000
   0.000000000000000E+000
   0.000000000000000E+000
     -950.888693516233800
    -1076.129281119519000
      300.056693544000000
      169.287945810000000
     1054.939120227063000
    -3386.144488428924000
      858.461190880608500
    10836.150344172400000
      -23.112621883750000
     -118.894038646250000
       56.037687597500000
     -109.530643766250000
   0.000000000000000E+000
   0.000000000000000E+000
   0.000000000000000E+000
   0.000000000000000E+000
   0.000000000000000E+000
   0.000000000000000E+000
       86.923564087500000
      -27.504610323750000
   0.000000000000000E+000
   0.000000000000000E+000
      492.895262273485900
       -2.303551544873983
   0.000000000000000E+000
   0.000000000000000E+000
    -1699.684411734738000
      296.854649974960000
     -791.970255090925200
      -68.253125442237930
     2025.259884119877000
        6.651792617500000
       34.217601642500000
      -16.127598095000000
       31.522824682500000
   0.000000000000000E+000
   0.000000000000000E+000
   0.000000000000000E+000
   0.000000000000000E+000
   0.000000000000000E+000
   0.000000000000000E+000
      -25.016526675000000
        7.915803097500000
   0.000000000000000E+000
   0.000000000000000E+000
      120.787718065636000
      -52.589325210473990
   0.000000000000000E+000
   0.000000000000000E+000
    -1297.882024742726000
     -256.234834951527900
       -3.199920388538118
     -433.254199509242000
      813.353726158651900
     2437.944172663024000
    -6345.485240611479000
     3474.319839373987000
      501.253963103182000
      -13.824808866762000
   0.000000000000000E+000
   0.000000000000000E+000
      230.433602786723000
     -156.207518940070000
   0.000000000000000E+000
   0.000000000000000E+000
       70.512712987500000
      -22.311840453750000
   0.000000000000000E+000
   0.000000000000000E+000
       94.548961328750000
       60.030545655000000
   0.000000000000000E+000
   0.000000000000000E+000
      -41.472450343750000
      135.919474783750000
    -1706.822351173171000
    -1339.477536117901000
      -32.008053621250000
     -774.131697095000100
    20476.438114965760000
     2804.780040834810000
    -2042.174576940430000
     -218.956284729979900
     -140.566312238820000
   0.000000000000000E+000
   0.000000000000000E+000
     -135.632014995470000
       91.942929742300000
   0.000000000000000E+000
   0.000000000000000E+000
       76.507762275000010
      -24.208811617500000
   0.000000000000000E+000
   0.000000000000000E+000
      102.587592367500000
       65.134392390000000
   0.000000000000000E+000
   0.000000000000000E+000
      -44.998472437500000
      147.475461157500000
    -1111.890921086310000
    -1392.345132794110000
     -107.800648372500000
      259.071797445000000
    -4393.402989624570000
     6878.880428187800000
   0.000000000000000E+000
   0.000000000000000E+000
   0.000000000000000E+000
   0.000000000000000E+000
   0.000000000000000E+000
   0.000000000000000E+000
   0.000000000000000E+000
   0.000000000000000E+000
   0.000000000000000E+000
   0.000000000000000E+000
   0.000000000000000E+000
   0.000000000000000E+000
       90.723975288943000
      -60.041094710333990
   0.000000000000000E+000
   0.000000000000000E+000
   0.000000000000000E+000
   0.000000000000000E+000
   0.000000000000000E+000
   0.000000000000000E+000
   0.000000000000000E+000
   0.000000000000000E+000
   0.000000000000000E+000
   0.000000000000000E+000
   0.000000000000000E+000
   0.000000000000000E+000
       63.583877222837000
   0.000000000000000E+000
   0.000000000000000E+000
   0.000000000000000E+000
   0.000000000000000E+000
   0.000000000000000E+000
   0.000000000000000E+000
   0.000000000000000E+000
   0.000000000000000E+000
   0.000000000000000E+000
   0.000000000000000E+000
   0.000000000000000E+000
   0.000000000000000E+000
     -785.653471190979000
      433.664544563702000
   0.000000000000000E+000
   0.000000000000000E+000
   0.000000000000000E+000
   0.000000000000000E+000
   0.000000000000000E+000
   0.000000000000000E+000
   0.000000000000000E+000
   0.000000000000000E+000
   0.000000000000000E+000
   0.000000000000000E+000
   0.000000000000000E+000
   0.000000000000000E+000
     -614.381818108360900
     7101.503202967132000
       15.129723665184000
      266.958525526571900
   0.000000000000000E+000
   0.000000000000000E+000
   0.000000000000000E+000
   0.000000000000000E+000
      230.328174290240000
       65.639964221104000
      342.526712856476000
      116.677128387036000
   0.000000000000000E+000
   0.000000000000000E+000
      -97.795673889652010
      -51.953133457443070
   0.000000000000000E+000
   0.000000000000000E+000
   0.000000000000000E+000
   0.000000000000000E+000
   0.000000000000000E+000
   0.000000000000000E+000
   0.000000000000000E+000
   0.000000000000000E+000
   0.000000000000000E+000
   0.000000000000000E+000
        3.914368192000000
        6.518246204000000
        7.227314733146001
     -499.767444550738100
     3196.601262505214000
      442.766927897664000
      185.663796682787000
   0.000000000000000E+000
   0.000000000000000E+000
   0.000000000000000E+000
   0.000000000000000E+000
  -3.018284869600000E-001
  -8.601644651600000E-002
      -62.627408234929010
      -59.479125815169010
   0.000000000000000E+000
   0.000000000000000E+000
       12.920979552376990
     -363.970822002004000
   0.000000000000000E+000
   0.000000000000000E+000
   0.000000000000000E+000
   0.000000000000000E+000
   0.000000000000000E+000
   0.000000000000000E+000
   0.000000000000000E+000
   0.000000000000000E+000
   0.000000000000000E+000
   0.000000000000000E+000
      308.497892192000100
      513.713865454000000
      104.941351340811000
    -2440.864545981983000
     -266.724758621716000
    11988.743500214480000
    -1350.261356369659000
     -728.538184180027200
      288.180759176910000
       47.436342571439990
   0.000000000000000E+000
   0.000000000000000E+000
      310.895078207325000
      -51.683606824434000
      161.322803879154000
        3.203017445394000
   0.000000000000000E+000
   0.000000000000000E+000
       -1.085504247438000
        2.617668315644000
   0.000000000000000E+000
   0.000000000000000E+000
   0.000000000000000E+000
   0.000000000000000E+000
   0.000000000000000E+000
   0.000000000000000E+000
      183.949620923645000
      341.836777859995000
  -8.878604800000001E-001
       13.353777760000000
     -773.041135258685100
     -883.757245668350000
  -1.285692520420000E-001
        6.372588726226000
     -207.864963262844000
    -1258.039965277744000
     3151.133827998165000
     -323.836059228398000
     -799.785399110551000
      121.064028250724000
       19.927890861216000
   0.000000000000000E+000
   0.000000000000000E+000
      -43.989289668713990
      -71.469184445360000
     -102.724939571405000
       -2.039573858205000
   0.000000000000000E+000
   0.000000000000000E+000
      -85.550401974063010
      206.302810114894000
   0.000000000000000E+000
   0.000000000000000E+000
   0.000000000000000E+000
   0.000000000000000E+000
   0.000000000000000E+000
   0.000000000000000E+000
      526.739812820578000
      498.150867518218000
      -27.851109780000000
      418.891862797500000
     -572.355796250733900
    -2999.378944008241000
      -10.132757397917000
      502.234356457601100
      830.634339337274100
    -9169.769558362668000
     1443.551214716143000
    15185.542571478740000
   0.000000000000000E+000
   0.000000000000000E+000
   0.000000000000000E+000
   0.000000000000000E+000
   0.000000000000000E+000
   0.000000000000000E+000
   0.000000000000000E+000
   0.000000000000000E+000
   0.000000000000000E+000
   0.000000000000000E+000
   0.000000000000000E+000
   0.000000000000000E+000
    -1593.890800888504000
    -1804.062845854004000
   0.000000000000000E+000
   0.000000000000000E+000
   0.000000000000000E+000
   0.000000000000000E+000
   0.000000000000000E+000
   0.000000000000000E+000
   0.000000000000000E+000
   0.000000000000000E+000
   0.000000000000000E+000
   0.000000000000000E+000
   0.000000000000000E+000
   0.000000000000000E+000
   0.000000000000000E+000
   0.000000000000000E+000
      -23.404991614524000
       56.440594425912000
   0.000000000000000E+000
   0.000000000000000E+000
    12676.544269536520000
   0.000000000000000E+000
   0.000000000000000E+000
   0.000000000000000E+000
   0.000000000000000E+000
   0.000000000000000E+000
   0.000000000000000E+000
   0.000000000000000E+000
   0.000000000000000E+000
   0.000000000000000E+000
   0.000000000000000E+000
   0.000000000000000E+000
   0.000000000000000E+000
    -2528.174177274977000
    -6590.745225845603000
   0.000000000000000E+000
   0.000000000000000E+000
   0.000000000000000E+000
   0.000000000000000E+000
   0.000000000000000E+000
   0.000000000000000E+000
   0.000000000000000E+000
   0.000000000000000E+000
   0.000000000000000E+000
   0.000000000000000E+000
   0.000000000000000E+000
   0.000000000000000E+000
   0.000000000000000E+000
   0.000000000000000E+000
      -66.260748429993000
      159.786257995234000
   0.000000000000000E+000
   0.000000000000000E+000
     1967.923721784368000
    16128.183959546360000
   0.000000000000000E+000
   0.000000000000000E+000
   0.000000000000000E+000
   0.000000000000000E+000
   0.000000000000000E+000
   0.000000000000000E+000
   0.000000000000000E+000
   0.000000000000000E+000
   0.000000000000000E+000
   0.000000000000000E+000
   0.000000000000000E+000
   0.000000000000000E+000
     -376.139144928000100
     -323.615300506000000
   0.000000000000000E+000
   0.000000000000000E+000
   0.000000000000000E+000
   0.000000000000000E+000
   0.000000000000000E+000
   0.000000000000000E+000
   0.000000000000000E+000
   0.000000000000000E+000
   0.000000000000000E+000
   0.000000000000000E+000
   0.000000000000000E+000
   0.000000000000000E+000
   0.000000000000000E+000
   0.000000000000000E+000
   0.000000000000000E+000
   0.000000000000000E+000
   0.000000000000000E+000
   0.000000000000000E+000
    -2887.483337863501000
     2685.056140388501000
     9063.802284038698000
   0.000000000000000E+000
   0.000000000000000E+000
   0.000000000000000E+000
   0.000000000000000E+000
   0.000000000000000E+000
   0.000000000000000E+000
   0.000000000000000E+000
   0.000000000000000E+000
   0.000000000000000E+000
   0.000000000000000E+000
   0.000000000000000E+000
   0.000000000000000E+000
     -248.474605056000000
      874.854501498000100
   0.000000000000000E+000
   0.000000000000000E+000
   0.000000000000000E+000
   0.000000000000000E+000
   0.000000000000000E+000
   0.000000000000000E+000
   0.000000000000000E+000
   0.000000000000000E+000
   0.000000000000000E+000
   0.000000000000000E+000
   0.000000000000000E+000
   0.000000000000000E+000
   0.000000000000000E+000
   0.000000000000000E+000
   0.000000000000000E+000
   0.000000000000000E+000
   0.000000000000000E+000
   0.000000000000000E+000
     2882.621190060000000
    -4927.968785444000000
    -2668.525807548059000
    13721.390523410720000
   0.000000000000000E+000
   0.000000000000000E+000
   0.000000000000000E+000
   0.000000000000000E+000
   0.000000000000000E+000
   0.000000000000000E+000
   0.000000000000000E+000
   0.000000000000000E+000
   0.000000000000000E+000
   0.000000000000000E+000
   0.000000000000000E+000
   0.000000000000000E+000
       86.127622824000040
      500.187451220000000
   0.000000000000000E+000
   0.000000000000000E+000
   0.000000000000000E+000
   0.000000000000000E+000
   0.000000000000000E+000
   0.000000000000000E+000
   0.000000000000000E+000
   0.000000000000000E+000
   0.000000000000000E+000
   0.000000000000000E+000
   0.000000000000000E+000
   0.000000000000000E+000
   0.000000000000000E+000
   0.000000000000000E+000
   0.000000000000000E+000
   0.000000000000000E+000
   0.000000000000000E+000
   0.000000000000000E+000
    -4121.672084517501000
    -2977.272327227500000
    -3705.971713246500000
    -1032.161190214000000
    12792.591485929500000
   0.000000000000000E+000
   0.000000000000000E+000
   0.000000000000000E+000
   0.000000000000000E+000
   0.000000000000000E+000
   0.000000000000000E+000
   0.000000000000000E+000
   0.000000000000000E+000
   0.000000000000000E+000
   0.000000000000000E+000
   0.000000000000000E+000
   0.000000000000000E+000
      477.926108520000100
      535.036993806000100
   0.000000000000000E+000
   0.000000000000000E+000
   0.000000000000000E+000
   0.000000000000000E+000
   0.000000000000000E+000
   0.000000000000000E+000
   0.000000000000000E+000
   0.000000000000000E+000
   0.000000000000000E+000
   0.000000000000000E+000
   0.000000000000000E+000
   0.000000000000000E+000
   0.000000000000000E+000
   0.000000000000000E+000
   0.000000000000000E+000
   0.000000000000000E+000
   0.000000000000000E+000
   0.000000000000000E+000
    -3253.270815932500000
    -3577.563350780501000
      539.389605302500200
    -4768.637089125000000
     5919.284852003500000
    12102.643685613000000
   0.000000000000000E+000
   0.000000000000000E+000
   0.000000000000000E+000
   0.000000000000000E+000
   0.000000000000000E+000
   0.000000000000000E+000
   0.000000000000000E+000
   0.000000000000000E+000
   0.000000000000000E+000
   0.000000000000000E+000
   0.000000000000000E+000
   0.000000000000000E+000
       32.874381840000000
      -19.167977930000000
   0.000000000000000E+000
   0.000000000000000E+000
   0.000000000000000E+000
   0.000000000000000E+000
   0.000000000000000E+000
   0.000000000000000E+000
   0.000000000000000E+000
   0.000000000000000E+000
   0.000000000000000E+000
   0.000000000000000E+000
   0.000000000000000E+000
   0.000000000000000E+000
   0.000000000000000E+000
   0.000000000000000E+000
   0.000000000000000E+000
   0.000000000000000E+000
   0.000000000000000E+000
   0.000000000000000E+000
      235.887389820000000
     -269.789497900000000
    -1535.894911226860000
     1626.556754711263000
      -17.546766354999990
     -201.695256742500000
     3791.371966516002000
   0.000000000000000E+000
   0.000000000000000E+000
   0.000000000000000E+000
   0.000000000000000E+000
   0.000000000000000E+000
   0.000000000000000E+000
   0.000000000000000E+000
   0.000000000000000E+000
   0.000000000000000E+000
   0.000000000000000E+000
   0.000000000000000E+000
   0.000000000000000E+000
     -294.919445904000000
      171.957892858000000
   0.000000000000000E+000
   0.000000000000000E+000
   0.000000000000000E+000
   0.000000000000000E+000
   0.000000000000000E+000
   0.000000000000000E+000
   0.000000000000000E+000
   0.000000000000000E+000
   0.000000000000000E+000
   0.000000000000000E+000
   0.000000000000000E+000
   0.000000000000000E+000
   0.000000000000000E+000
   0.000000000000000E+000
   0.000000000000000E+000
   0.000000000000000E+000
   0.000000000000000E+000
   0.000000000000000E+000
     -517.512656784000000
      270.890853016000000
     1760.879871380360000
    -2346.723295356338000
     -281.881209319000100
       56.129364992500000
    -1481.736549909578000
     2225.667496833028000
   0.000000000000000E+000
   0.000000000000000E+000
   0.000000000000000E+000
   0.000000000000000E+000
   0.000000000000000E+000
   0.000000000000000E+000
   0.000000000000000E+000
   0.000000000000000E+000
   0.000000000000000E+000
   0.000000000000000E+000
   0.000000000000000E+000
   0.000000000000000E+000
       33.900752640000000
        2.695757898000000
   0.000000000000000E+000
   0.000000000000000E+000
   0.000000000000000E+000
   0.000000000000000E+000
   0.000000000000000E+000
   0.000000000000000E+000
   0.000000000000000E+000
   0.000000000000000E+000
   0.000000000000000E+000
   0.000000000000000E+000
   0.000000000000000E+000
   0.000000000000000E+000
   0.000000000000000E+000
   0.000000000000000E+000
   0.000000000000000E+000
   0.000000000000000E+000
   0.000000000000000E+000
   0.000000000000000E+000
      400.742354021000100
      865.867802043000000
       -2.137355360819925
     -280.924117752869100
    -5111.179737054000000
    -3649.293900243500000
    -2341.931416070489000
      -43.604725313786050
     7079.669328391707000
   0.000000000000000E+000
   0.000000000000000E+000
   0.000000000000000E+000
   0.000000000000000E+000
   0.000000000000000E+000
   0.000000000000000E+000
   0.000000000000000E+000
   0.000000000000000E+000
   0.000000000000000E+000
   0.000000000000000E+000
   0.000000000000000E+000
   0.000000000000000E+000
      238.125871360000000
       18.935558902000000
   0.000000000000000E+000
   0.000000000000000E+000
   0.000000000000000E+000
   0.000000000000000E+000
   0.000000000000000E+000
   0.000000000000000E+000
   0.000000000000000E+000
   0.000000000000000E+000
   0.000000000000000E+000
   0.000000000000000E+000
   0.000000000000000E+000
   0.000000000000000E+000
   0.000000000000000E+000
   0.000000000000000E+000
   0.000000000000000E+000
   0.000000000000000E+000
   0.000000000000000E+000
   0.000000000000000E+000
      560.598034375500000
      328.442089437500000
      694.918542490240000
     -112.740545302767000
    -3359.746975381500000
    -2730.569352796500000
     1042.738793540073000
     -181.907594503898000
     1567.043076161101000
     3036.776212375444000
       -5.402235911136000
     -150.283177648738000
   0.000000000000000E+000
   0.000000000000000E+000
   0.000000000000000E+000
   0.000000000000000E+000
     -551.719691311400000
      999.481188852584000
     -718.715010993242000
    -2272.759471397970000
   0.000000000000000E+000
   0.000000000000000E+000
     -586.524950137653000
     -742.314170793031100
   0.000000000000000E+000
   0.000000000000000E+000
   0.000000000000000E+000
   0.000000000000000E+000
   0.000000000000000E+000
   0.000000000000000E+000
   0.000000000000000E+000
   0.000000000000000E+000
   0.000000000000000E+000
   0.000000000000000E+000
   0.000000000000000E+000
   0.000000000000000E+000
       -3.480875045802000
      172.531026835506000
     -417.174430726153100
      262.367141076022100
      111.795941037264000
     -316.898056144508000
       49.886197056420000
      141.230418182815000
   0.000000000000000E+000
   0.000000000000000E+000
   0.000000000000000E+000
   0.000000000000000E+000
   0.000000000000000E+000
   0.000000000000000E+000
   0.000000000000000E+000
   0.000000000000000E+000
     3517.140590964702000
        9.462781137791998
      263.242265272136000
   0.000000000000000E+000
   0.000000000000000E+000
   0.000000000000000E+000
   0.000000000000000E+000
     -172.445076384980000
     1054.506584997752000
     -133.934558643632000
    -1964.939155913772000
   0.000000000000000E+000
   0.000000000000000E+000
     -293.666983802875200
    -1636.037521616385000
   0.000000000000000E+000
   0.000000000000000E+000
   0.000000000000000E+000
   0.000000000000000E+000
   0.000000000000000E+000
   0.000000000000000E+000
   0.000000000000000E+000
   0.000000000000000E+000
   0.000000000000000E+000
   0.000000000000000E+000
   0.000000000000000E+000
   0.000000000000000E+000
        1.844901981615000
      -91.443337985595010
       82.087781992289080
     -245.742528397861100
     -199.604557398894000
      257.330554478065000
       81.758140686180010
      231.461548089135000
   0.000000000000000E+000
   0.000000000000000E+000
   0.000000000000000E+000
   0.000000000000000E+000
   0.000000000000000E+000
   0.000000000000000E+000
   0.000000000000000E+000
   0.000000000000000E+000
     -702.120037381880800
     8229.532397812212000
   0.000000000000000E+000
   0.000000000000000E+000
   0.000000000000000E+000
   0.000000000000000E+000
   0.000000000000000E+000
   0.000000000000000E+000
   0.000000000000000E+000
   0.000000000000000E+000
   0.000000000000000E+000
   0.000000000000000E+000
   0.000000000000000E+000
   0.000000000000000E+000
    -6472.677651810667000
     2478.627926584452000
   0.000000000000000E+000
   0.000000000000000E+000
   0.000000000000000E+000
   0.000000000000000E+000
   0.000000000000000E+000
   0.000000000000000E+000
   0.000000000000000E+000
   0.000000000000000E+000
   0.000000000000000E+000
   0.000000000000000E+000
   0.000000000000000E+000
   0.000000000000000E+000
   0.000000000000000E+000
   0.000000000000000E+000
       62.964566802071990
     -151.837592450736000
   0.000000000000000E+000
   0.000000000000000E+000
    -3138.375222039073000
    -1118.621063964104000
    -1139.447831784900000
     -337.629041585255000
      585.672636378000000
      394.906232780000000
     -112.391418038155000
      576.390279206530100
       90.598893344265010
       29.428220217395000
     -265.356142993245000
      458.607081654449900
    14167.385938142530000
   0.000000000000000E+000
   0.000000000000000E+000
   0.000000000000000E+000
   0.000000000000000E+000
   0.000000000000000E+000
   0.000000000000000E+000
   0.000000000000000E+000
   0.000000000000000E+000
   0.000000000000000E+000
   0.000000000000000E+000
   0.000000000000000E+000
   0.000000000000000E+000
     2403.937589854308000
    -2270.775687893230000
   0.000000000000000E+000
   0.000000000000000E+000
   0.000000000000000E+000
   0.000000000000000E+000
   0.000000000000000E+000
   0.000000000000000E+000
   0.000000000000000E+000
   0.000000000000000E+000
   0.000000000000000E+000
   0.000000000000000E+000
   0.000000000000000E+000
   0.000000000000000E+000
   0.000000000000000E+000
   0.000000000000000E+000
      -36.712581629918990
       88.531539093422000
   0.000000000000000E+000
   0.000000000000000E+000
    -1477.069856651956000
    -1378.218918465867000
    -2100.779846213661000
    -3186.965960615697000
      551.935039934000100
      140.545095140000000
     -509.043685759757000
     -564.734288896818200
      414.398127275391100
       14.968337013413010
      -80.551488483684980
      949.858102229925100
     5196.829790004169000
    13577.263843663430000
   0.000000000000000E+000
   0.000000000000000E+000
   0.000000000000000E+000
   0.000000000000000E+000
   0.000000000000000E+000
   0.000000000000000E+000
   0.000000000000000E+000
   0.000000000000000E+000
      -39.138627920000010
      -37.343217800000000
   0.000000000000000E+000
   0.000000000000000E+000
    -2096.001511333819000
     -625.156348776963000
   0.000000000000000E+000
   0.000000000000000E+000
   0.000000000000000E+000
   0.000000000000000E+000
   0.000000000000000E+000
   0.000000000000000E+000
   0.000000000000000E+000
   0.000000000000000E+000
   0.000000000000000E+000
   0.000000000000000E+000
   0.000000000000000E+000
   0.000000000000000E+000
   0.000000000000000E+000
   0.000000000000000E+000
       86.650913588306990
     -146.056100920166000
   0.000000000000000E+000
   0.000000000000000E+000
      631.188976192068000
      591.090204748751000
      204.494120970000000
      435.414573870000000
   0.000000000000000E+000
   0.000000000000000E+000
      -30.963494130000000
      277.776676578000000
   0.000000000000000E+000
   0.000000000000000E+000
  -3.316358302700451E-001
     -976.131497385475000
    -4752.561848337680000
    -4116.154768098173000
     5416.809463925852000
   0.000000000000000E+000
   0.000000000000000E+000
   0.000000000000000E+000
   0.000000000000000E+000
   0.000000000000000E+000
   0.000000000000000E+000
   0.000000000000000E+000
   0.000000000000000E+000
      202.496549280000000
      193.207405200000000
   0.000000000000000E+000
   0.000000000000000E+000
      717.225776314901200
     -628.752220555720000
   0.000000000000000E+000
   0.000000000000000E+000
   0.000000000000000E+000
   0.000000000000000E+000
   0.000000000000000E+000
   0.000000000000000E+000
   0.000000000000000E+000
   0.000000000000000E+000
   0.000000000000000E+000
   0.000000000000000E+000
   0.000000000000000E+000
   0.000000000000000E+000
   0.000000000000000E+000
   0.000000000000000E+000
     -169.073679300180000
       82.280506616840000
   0.000000000000000E+000
   0.000000000000000E+000
      604.011192025680000
      262.029963439260000
      247.607593660000000
      527.212979860000100
   0.000000000000000E+000
   0.000000000000000E+000
      -37.491524140000000
      336.340302284000000
   0.000000000000000E+000
   0.000000000000000E+000
      861.426231328385000
    -3452.511873825390000
    -7107.863121532683000
    -7395.971626559774000
     4822.060455503238000
     9772.384321669244000
   0.000000000000000E+000
   0.000000000000000E+000
   0.000000000000000E+000
   0.000000000000000E+000
   0.000000000000000E+000
   0.000000000000000E+000
   0.000000000000000E+000
   0.000000000000000E+000
   0.000000000000000E+000
   0.000000000000000E+000
   0.000000000000000E+000
   0.000000000000000E+000
    -3568.331276042480000
     2309.923439954963000
   0.000000000000000E+000
   0.000000000000000E+000
   0.000000000000000E+000
   0.000000000000000E+000
   0.000000000000000E+000
   0.000000000000000E+000
   0.000000000000000E+000
   0.000000000000000E+000
   0.000000000000000E+000
   0.000000000000000E+000
   0.000000000000000E+000
   0.000000000000000E+000
      -79.253404458357990
      739.003019054974100
      -29.970234986447000
      174.152005274980000
  -2.114348051720000E-001
      -16.663529982922000
     -343.390075985092000
     -185.975616765119000
   0.000000000000000E+000
   0.000000000000000E+000
      -72.862261038000000
      232.493733096000000
   0.000000000000000E+000
   0.000000000000000E+000
       26.512077558000010
      186.226295242000000
       90.527199484433000
      160.780008190275000
      321.557688580776000
     -187.489781798377000
      271.788625689781000
       19.897291883060000
     4879.516950759583000
   0.000000000000000E+000
   0.000000000000000E+000
   0.000000000000000E+000
   0.000000000000000E+000
   0.000000000000000E+000
   0.000000000000000E+000
   0.000000000000000E+000
   0.000000000000000E+000
   0.000000000000000E+000
   0.000000000000000E+000
   0.000000000000000E+000
   0.000000000000000E+000
     2150.461739255303000
    -1924.966481701562000
   0.000000000000000E+000
   0.000000000000000E+000
   0.000000000000000E+000
   0.000000000000000E+000
   0.000000000000000E+000
   0.000000000000000E+000
   0.000000000000000E+000
   0.000000000000000E+000
   0.000000000000000E+000
   0.000000000000000E+000
   0.000000000000000E+000
   0.000000000000000E+000
      705.663490573565000
    -6681.812080838944000
     -261.394169018122100
    -1423.159751576909000
        4.123751468709999
      324.999737791835000
     -314.227781590608100
      501.505210192844000
   0.000000000000000E+000
   0.000000000000000E+000
     -128.925664686000000
      411.384558312000000
   0.000000000000000E+000
   0.000000000000000E+000
       46.911627126000010
      329.516934474000000
       45.709131912370000
     -167.237431095885000
     -220.282733206176000
      128.439664326052000
     -186.188492601556000
      -13.630617444560000
      284.485770673454200
    15527.974614834660000
   0.000000000000000E+000
   0.000000000000000E+000
   0.000000000000000E+000
   0.000000000000000E+000
   0.000000000000000E+000
   0.000000000000000E+000
   0.000000000000000E+000
   0.000000000000000E+000
   0.000000000000000E+000
   0.000000000000000E+000
   0.000000000000000E+000
   0.000000000000000E+000
    -1932.973048795780000
      115.170348654720100
   0.000000000000000E+000
   0.000000000000000E+000
   0.000000000000000E+000
   0.000000000000000E+000
   0.000000000000000E+000
   0.000000000000000E+000
   0.000000000000000E+000
   0.000000000000000E+000
   0.000000000000000E+000
   0.000000000000000E+000
   0.000000000000000E+000
   0.000000000000000E+000
      -72.283989124999990
      665.255883660000000
      -57.493023014680000
      345.417425180340100
   0.000000000000000E+000
   0.000000000000000E+000
    -1886.033977117820000
      894.926039770259800
      378.780208027500100
     -376.881186755000000
     -435.162368849500100
     -459.742315461000200
      -21.407384257500000
        4.609369927500000
     -176.172092350500000
     -959.330413079500200
       96.757352214400000
      158.574950217600000
      652.631806560960100
      -59.298226073920010
      273.216816805760000
       20.001847897600000
    -1485.378114442440000
    -2331.237003212560000
     4665.517000592099000
   0.000000000000000E+000
   0.000000000000000E+000
   0.000000000000000E+000
   0.000000000000000E+000
   0.000000000000000E+000
   0.000000000000000E+000
   0.000000000000000E+000
   0.000000000000000E+000
   0.000000000000000E+000
   0.000000000000000E+000
   0.000000000000000E+000
   0.000000000000000E+000
      -56.610523257146040
     -701.720360135521100
   0.000000000000000E+000
   0.000000000000000E+000
   0.000000000000000E+000
   0.000000000000000E+000
   0.000000000000000E+000
   0.000000000000000E+000
   0.000000000000000E+000
   0.000000000000000E+000
   0.000000000000000E+000
   0.000000000000000E+000
   0.000000000000000E+000
   0.000000000000000E+000
     -127.902445125000000
     1177.132795020000000
      -25.015825384251000
      426.200613162538100
   0.000000000000000E+000
   0.000000000000000E+000
     1212.793705848876000
    -1407.802025442943000
     -834.931989606000100
      219.579673343000000
      808.579130951000000
    -2168.971725198500000
     -150.369877742500000
       32.377164072500000
     1076.906916889500000
     -703.421293502000300
        7.694059161205001
       12.609739937445000
     -198.556046923128000
     -102.936990235769000
       21.725959880357000
        1.590529272820000
    -3716.845196122733000
    -7012.745125745691000
     1982.531876960321000
    10228.107378380100000
     1146.692246255000000
     -796.489378088500000
       47.164974745000000
      -92.188137457500010
   0.000000000000000E+000
   0.000000000000000E+000
   0.000000000000000E+000
   0.000000000000000E+000
   0.000000000000000E+000
   0.000000000000000E+000
       73.160543925000000
      -23.149674922500000
   0.000000000000000E+000
   0.000000000000000E+000
       98.099380172500010
       62.284759530000000
   0.000000000000000E+000
   0.000000000000000E+000
      -69.781985868403990
      130.052734718996000
       40.000053869495900
      354.945373417267900
     -113.453195267700000
     1162.210752394476000
   -12326.360461901500000
     4131.039495739499000
   0.000000000000000E+000
   0.000000000000000E+000
   2.426447360000000E-001
       19.123236736000000
     -536.293475591999900
    -2235.886713420000000
   0.000000000000000E+000
   0.000000000000000E+000
   0.000000000000000E+000
   0.000000000000000E+000
   0.000000000000000E+000
   0.000000000000000E+000
   0.000000000000000E+000
   0.000000000000000E+000
   0.000000000000000E+000
   0.000000000000000E+000
   0.000000000000000E+000
   0.000000000000000E+000
   0.000000000000000E+000
   0.000000000000000E+000
   0.000000000000000E+000
   0.000000000000000E+000
   0.000000000000000E+000
   0.000000000000000E+000
   0.000000000000000E+000
   0.000000000000000E+000
    11649.176725294610000
     -666.146123292500100
       10.050153546500010
       28.465951465000000
      -55.639233577500000
   0.000000000000000E+000
   0.000000000000000E+000
   0.000000000000000E+000
   0.000000000000000E+000
   0.000000000000000E+000
   0.000000000000000E+000
       44.155318725000000
      -13.971756082500000
   0.000000000000000E+000
   0.000000000000000E+000
       59.206905332499990
       37.591347210000000
   0.000000000000000E+000
   0.000000000000000E+000
      376.393600886698000
      250.116516187898000
     -592.346289489977000
     -705.951849451665900
     -648.068920605725100
    -2447.485727196112000
     3549.385276240999000
    -1708.689880053000000
   0.000000000000000E+000
   0.000000000000000E+000
        7.611471996000001
      599.872815246000100
      830.054815098000100
    -3599.227750582500000
   0.000000000000000E+000
   0.000000000000000E+000
   0.000000000000000E+000
   0.000000000000000E+000
   0.000000000000000E+000
   0.000000000000000E+000
   0.000000000000000E+000
   0.000000000000000E+000
   0.000000000000000E+000
   0.000000000000000E+000
   0.000000000000000E+000
   0.000000000000000E+000
   0.000000000000000E+000
   0.000000000000000E+000
   0.000000000000000E+000
   0.000000000000000E+000
   0.000000000000000E+000
   0.000000000000000E+000
   0.000000000000000E+000
   0.000000000000000E+000
    -2717.451943607995000
     7460.607612634728000
