       1      16     307      12   43.00       1.0
       1      13       0      28   48.30       1.0
       1      11      70      59   58.80       1.0
       1       2     140      39    5.60       1.0
       1       4     184       7   52.90       1.0
       1      25     242       3   25.60       1.0
       2       1     295      39    5.30       1.0
       2      11       7      54   14.50       1.0
       2       6      94      49   44.40       1.0
       2       3     134      29   48.60       1.0
       2       4     195      31   16.40       1.0
       3       2     338      29   50.00       1.0
       3       6      74      10   41.30       1.0
       3       4     273      20   47.10       1.0
       4      25     235       5   31.50       1.0
       4       1     285       7   54.30       1.0
       4       2     321      31   15.30       1.0
       4       3      15      20   46.60       1.0
       4       5     138      54   11.50       1.0
       5      25     291      51   42.30       1.0
       5       4       0      54    9.90       1.0
       5      22     249      20   37.70       1.0
       6      11     321      33   25.00       1.0
       6       8       2      52   18.70       1.0
       6       9      26      47   32.70       1.0
       6       3     229      10   42.10       1.0
       6       2     273      49   45.50       1.0
       7      27     266      27    9.10       1.0
       7      26     305      24   43.60       1.0
       7      15     338      28   33.50       1.0
       7      22      32      23   22.00       1.0
       7      24      86      48   43.50       1.0
       7      23     121      14   39.90       1.0
       7      17     200      27   13.30       1.0
       8      11     237      35   13.10       1.0
       8      10     281      27   39.90       1.0
       8       9      54       8   18.00       1.0
       8       6     148      52   22.80       1.0
      10      12     316      42    4.00       1.0
      10      11     232       1   48.90       1.0
      10       8     170      27   36.30       1.0
      11      28     285      53   10.00       1.0
      11      12     333       3   16.80       1.0
      11      10      30       1   50.70       1.0
      11       8     104      35   13.10       1.0
      11       6     154      33   26.40       1.0
      11       2     199      54   12.80       1.0
      11       1     237      59   59.50       1.0
      11      13     269      39   48.90       1.0
      12      28     193      11   42.40       1.0
      12      11     123       3   17.00       1.0
      12      10      84      42    3.30       1.0
      13      16     180      59    5.10       1.0
      13      28     256      13   47.90       1.0
      13      11      12      39   50.30       1.0
      13       1      90      28   45.40       1.0
      15      14     259      50   36.10       1.0
      15      26     258       3   50.70       1.0
      15       7     238      28   35.30       1.0
      15      22     198      55   22.80       1.0
      15      25     171       4   27.80       1.0
      15      16      81      43   33.50       1.0
      16      15     192      43   32.90       1.0
      16      25     134      29   10.90       1.0
      16       1      79      12   40.60       1.0
      16      13      42      59    4.50       1.0
      16      28      13      49   28.30       1.0
      17      27     285      14   52.40       1.0
      17       7       0      27   12.50       1.0
      17      23      49      35    6.10       1.0
      17      18     124      21   30.90       1.0
      17      19     205      47    6.90       1.0
      18      21     298      11   30.50       1.0
      18      19     313      32   40.30       1.0
      18      17       4      21   30.00       1.0
      18      23      66       9   22.00       1.0
      18      20     183      35   51.90       1.0
      19      21     258      44    2.80       1.0
      19      27       5      35   52.60       1.0
      19      17      67      47    5.70       1.0
      19      18     115      32   41.30       1.0
      20      21     359       9    1.00       1.0
      20      18      39      35   52.20       1.0
      20      23      70      38   18.50       1.0
      21      20     154       9    0.60       1.0
      21      18     129      11   28.40       1.0
      21      19     107      44    2.40       1.0
      21      27      60       6    5.00       1.0
      22      24      69       3   35.80       1.0
      22       7     111      23   21.70       1.0
      22      15     197      55   24.80       1.0
      22      25     230      16   39.00       1.0
      22       5     306      20   38.20       1.0
      23      20     129      38   18.80       1.0
      23      18     161       9   23.70       1.0
      23      17     204      35    6.50       1.0
      23       7     256      14   38.40       1.0
      23      24     355      33    6.30       1.0
      24      23     106      33    5.80       1.0
      24       7     152      48   42.90       1.0
      24      22     236       3   35.80       1.0
      25      15     219       4   26.00       1.0
      25      16     251      29   10.80       1.0
      25       1     311       3   28.80       1.0
      25       4      23       5   31.70       1.0
      25       5      37      51   40.10       1.0
      25      22      99      16   37.60       1.0
      26      27     240      28   20.90       1.0
      26       7     155      24   45.60       1.0
      26      15      28       3   52.10       1.0
      26      14      24      47   54.20       1.0
      27      21     149       6    4.00       1.0
      27      19     123      35   54.50       1.0
      27      17      85      14   51.80       1.0
      27       7      46      27    8.90       1.0
      27      26     350      28   19.20       1.0
      28      16     190      49   30.00       1.0
      28      13     115      13   50.10       1.0
      28      11      67      53   10.60       1.0
      28      12       5      11   42.30       1.0
       6      11    8192.9219                 10.0
      20      21      12       4   1.5      37.052724  -8.1617231 12.0
