 REDE DE GEODESIA (ZONA SUL)  
  39.4000000     -8.0754862
 Datum_73       
  26    2     120    0    0
   1      11742.3101   -283761.0549
   2      12391.3188   -287703.4448
   3      11711.1189   -291769.3845
   4       8022.4290   -289248.7335
   5       6528.6702   -289855.1913
   6      15324.8930   -292749.7767
   7      -2868.5126   -282401.9960
   8      20696.8666   -289505.6791
   9      22395.5774   -291855.6435
  10      21875.2505   -283693.3186
  11      17796.5971   -284937.8895
  12      19688.9528   -278362.2283
  13      13422.3849   -280906.5688
  14       1945.1739   -278644.2476
  15       6410.2605   -278554.0969
  16       9571.6133   -278594.1620
  17      -5979.8384   -281303.0424
  18      -8566.4969   -283226.9515
  19      -8375.3016   -278925.4476
  20     -12210.5171   -286013.2101
  21     -10129.9480   -276349.8950
  22       2601.9128   -285739.7668
  23      -4470.9499   -285150.3735
  24      -2551.1746   -286735.8308
  25       6403.7617   -283569.2403
  26       -474.4739   -278907.1904
  27      -3272.2190   -277326.0950
  28      14053.9570   -278736.9830
