 REDE DE GEODESIA (ZONA SUL)  
  39.4000000     -8.0754862
 Datum_73       
  27    1     120    2    2
   1      11742.4866   -283760.6103
   2      12391.3410   -287702.7535
   3      11711.1137   -291768.4133
   4       8022.7430   -289247.8674
   5       6529.1344   -289854.2374
   6      15324.5972   -292748.7128
   7      -2867.0645   -282401.6022
   8      20696.3200   -289504.9952
   9      22394.9571   -291854.7570
  10      21874.7370   -283693.0985
  11      17796.2727   -284937.5058
  12      19688.6638   -278362.2780
  13      13422.4571   -280906.3914
  14       1946.3907   -278644.1429
  15       6410.9544   -278554.0368
  16       9572.0731   -278594.1265
  17      -5978.1164   -281302.7012
  18      -8564.5463   -283226.3992
  19      -8373.3244   -278925.2057
  20     -12208.3068   -286012.3670
  21     -10127.7929   -276349.8280
  22       2602.8420   -285739.1285
  23      -4469.4062   -285149.6873
  24      -2549.7788   -286734.9762
  25       6404.3510   -283568.7870
  26       -473.1716   -278907.0629
  27      -3270.7447   -277326.0326
  28      14053.9570   -278736.9830
