 REDE DE GEODESIA (ZONA SUL)
 39.400  -8.07548620
 Datum_73
  27  1  120  2  2
1       11737.517d0     -283764.135d0
2       12366.922d0     -287699.932d0
3       11689.736d0     -291765.437d0
4        8008.061d0     -289247.652d0
5        6501.754d0     -289858.762d0
6       15311.577d0     -292771.379d0
7       -2883.645d0     -282409.223d0
8       20684.943d0     -289492.109d0
9       22382.093d0     -291867.518d0
10      21868.667d0     -283697.657d0
11      17774.583d0     -284952.714d0
12      19667.026d0     -278353.161d0
13      13405.187d0     -280910.080d0
14       1930.084d0     -278641.868d0
15       6392.501d0     -278553.078d0
16       9549.957d0     -278594.274d0
17      -6010.839d0     -281310.020d0
18      -8587.362d0     -283229.571d0
19      -8381.888d0     -278928.300d0
20     -12226.409d0     -286005.213d0
21     -10152.662d0     -276359.188d0
22       2596.605d0     -285736.869d0
23      -4505.290d0     -285140.416d0
24      -2572.503d0     -286746.751d0
25       6372.223d0     -283554.954d0
26       -487.355d0     -278902.914d0
27      -3272.219d0     -277326.095d0
28      14053.957d0     -278736.983d0
