 REDE DE GEODESIA (ZONA SUL)  
  39.4000000     -8.0754862
 Datum_73       
  27    1     120    2    2
   1      11742.4088   -283760.6273
   2      12391.3028   -287702.7196
   3      11711.0894   -291768.3288
   4       8022.7309   -289247.8158
   5       6529.0830   -289854.2010
   6      15324.5630   -292748.7041
   7      -2867.2420   -282401.4568
   8      20696.1698   -289504.9514
   9      22394.7061   -291854.7595
  10      21874.5649   -283693.0640
  11      17796.2051   -284937.4696
  12      19688.5251   -278362.3489
  13      13422.3988   -280906.3906
  14       1946.1416   -278644.0705
  15       6410.8543   -278553.9927
  16       9571.9630   -278594.1022
  17      -5978.3038   -281302.5491
  18      -8564.7793   -283226.2692
  19      -8373.5434   -278925.1141
  20     -12208.5373   -286012.2536
  21     -10128.0179   -276349.7430
  22       2602.6985   -285739.0405
  23      -4469.5887   -285149.5912
  24      -2549.9900   -286734.9482
  26       -473.3456   -278906.9621
  27      -3270.8469   -277325.9549
  28      14053.9570   -278736.9830
  25       6404.2808   -283568.7432
