 REDE DE GEODESIA (ZONA SUL)  
  39.4000000     -8.0754862
 Datum_73       
  27    1     120    1    1
   1      11742.5580   -283760.6399
   2      12391.4747   -287702.7691
   3      11711.3187   -291768.4349
   4       8022.9004   -289247.9583
   5       6529.2713   -289854.3648
   6      15324.8155   -292748.6637
   7      -2867.1270   -282401.7764
   8      20696.4670   -289504.8637
   9      22395.1392   -291854.5845
  10      21874.7677   -283692.9708
  11      17796.3485   -284937.4401
  12      19688.6228   -278362.2054
  13      13422.4871   -280906.3969
  14       1946.0696   -278644.2593
  15       6410.9655   -278554.1138
  16       9572.0757   -278594.1778
  17      -5978.2641   -281302.8590
  18      -8564.7686   -283226.6300
  19      -8373.5546   -278925.2880
  20     -12208.6435   -286012.6998
  21     -10128.0670   -276349.8564
  22       2602.9051   -285739.3054
  23      -4469.4907   -285149.9436
  24      -2549.8096   -286735.2443
  25       6404.4115   -283568.8940
  26       -473.1872   -278907.1497
  27      -3270.8390   -277326.0768
  28      14053.9570   -278736.9830
