 REDE DE GEODESIA (ZONA SUL)  
  39.4000000     -8.0754862
 Datum_73       
  27    1     120    1    1
   1      11742.4300   -283760.6349
   2      12391.3407   -287702.7248
   3      11711.1448   -291768.3389
   4       8022.7733   -289247.8403
   5       6529.1238   -289854.2328
   6      15324.6251   -292748.6981
   7      -2867.2358   -282401.5063
   8      20696.2184   -289504.9185
   9      22394.7683   -291854.7199
  10      21874.5803   -283693.0259
  11      17796.2303   -284937.4505
  12      19688.5174   -278362.3254
  13      13422.4081   -280906.3919
  14       1946.1199   -278644.1091
  15       6410.8593   -278554.0191
  16       9571.9649   -278594.1191
  17      -5978.3056   -281302.6010
  18      -8564.7853   -283226.3290
  19      -8373.5533   -278925.1630
  20     -12208.5544   -286012.3263
  21     -10128.0319   -276349.7903
  22       2602.7224   -285739.0823
  23      -4469.5811   -285149.6500
  24      -2549.9747   -286735.0066
  25       6404.3007   -283568.7710
  26       -473.3418   -278907.0022
  27      -3270.8497   -277325.9965
  28      14053.9570   -278736.9830
