 REDE DE GEODESIA (ZONA SUL)  
  39.4000000     -8.0754862
 Datum_73       
  26    2     120    0    0
   1      11742.4225   -283761.0397
   2      12391.4207   -287703.4613
   3      11711.2490   -291769.4398
   4       8022.5304   -289248.8065
   5       6528.7953   -289855.2728
   6      15325.0268   -292749.7126
   7      -2868.4012   -282402.2268
   8      20697.0550   -289505.6204
   9      22395.8743   -291855.5052
  10      21875.3967   -283693.2816
  11      17796.6798   -284937.8791
  12      19689.0428   -278362.1323
  13      13422.4555   -280906.5648
  14       1945.0080   -278644.3538
  15       6410.3712   -278554.1561
  16       9571.7295   -278594.1981
  17      -5979.8138   -281303.2641
  18      -8566.4974   -283227.2402
  19      -8375.3474   -278925.5314
  20     -12210.5902   -286013.5933
  21     -10130.0645   -276349.9079
  22       2602.0916   -285739.9451
  23      -4470.8540   -285150.6344
  24      -2551.0025   -286736.0267
  25       6403.8638   -283569.3268
  26       -474.2972   -278907.2754
  27      -3272.2190   -277326.0950
  28      14053.9570   -278736.9830
