       2 17.0427 -2.0257 -0.0001  0.0006
      11  -0.622 42.4427  0.0006 -0.0006
      12  3.5598 42.3948  0.0011  0.0013
      13  8.0974 42.3776  0.0013  0.0008
      14  12.685  42.391  0.0014  0.0004
      15 17.3243 42.4443  0.0014  0.0003
      21 -0.6703 42.2237  0.0006 -0.0009
      25 17.2935 42.4497  0.0002 -0.0009
      32  3.0326 42.2312  0.0005 -0.0006
      33  7.8513 42.2218  0.0005 -0.0009
      34 11.1385 42.2377  0.0003 -0.0009
     100 -0.3192 23.8258  0.0006 -0.0005
       1 -0.0027  0.0016  0.0006  0.0005
     200 16.2754 11.1994       0       0
