    1   38,982410   -8,799910     23,50
    2   39,015200   -8,850630     27,04
    3   38,978210   -8,836520     26,39
    4   39,023680   -8,790900     22,27
    5   38,978010   -9,134840     57,34
    6   38,979230   -9,076710     50,76
    7   39,113310   -9,013820     41,88
    8   39,113450   -9,131650     54,54
    9   38,978140   -9,014440     43,80
   10   39,019110   -8,897850     31,25
   11   39,024540   -8,950720     36,44
   12   38,977980   -9,198150     64,37
   13   38,980530   -8,960090     37,95
   14   39,070130   -9,121830     54,63
   15   39,112960   -8,955850     35,98
   16   39,026190   -9,078770     50,52
   17   39,070790   -9,014980     42,68
   18   39,117010   -9,077650     48,60
   19   38,978290   -8,893030     31,34
   20   39,115320   -9,195440     61,28
   21   39,113200   -8,891080     29,90
   22   39,071760   -8,893050     30,28
   23   39,026290   -9,196950     63,93
   24   39,023560   -9,020060     43,92
   25   39,069440   -8,949940     35,83
   26   39,068890   -9,067500     48,53
   27   39,026510   -9,130570     56,44
   28   39,073000   -9,187490     61,88
   29   38,970630   -9,366820     80,78
   30   39,015630   -9,306360     75,53
   31   39,064170   -9,415290     84,20
   32   38,972220   -9,313770     76,10
   33   39,057010   -9,309390     75,06
   34   39,100730   -9,318960     74,25
   35   39,058820   -9,248870     68,88
   36   39,058980   -9,362770     79,96
   37   39,019160   -9,249350     69,70
   38   39,011990   -9,363530     80,86
   39   39,104910   -9,377470     79,18
   40   38,972410   -9,260190     70,88
   41   38,970740   -9,420270     84,99
   42   39,009690   -9,423650     85,82
   43   39,104330   -9,259080     68,29
   44   38,797700   -9,228810     60,52
   45   38,920710   -9,023640     45,13
   46   38,929650   -9,144230     58,16
   47   38,841970   -9,080780     50,15
   48   38,882550   -8,881420     31,89
   49   38,925780   -9,087290     51,97
   50   38,839040   -9,212850     61,90
   51   38,883640   -9,145900     57,48
   52   38,838970   -8,880790     32,61
   53   38,837370   -9,142340     55,69
   54   38,885600   -9,205320     63,34
   55   38,792920   -8,918980     36,01
   56   38,928670   -9,205230     64,57
   57   38,798540   -9,172610     56,42
   58   38,794290   -9,092370     49,82
   59   38,929810   -8,886150     31,48
   60   38,887470   -9,075390     50,39
   61   38,615010   -9,210100     43,57
   62   38,618260   -8,964130     36,92
   63   38,710480   -8,915460     36,02
   64   38,660180   -9,027160     40,66
   65   38,657560   -9,092100     43,37
   66   38,659730   -8,911320     35,63
   67   38,660520   -8,969540     38,10
   68   38,753150   -8,918690     36,18
   69   38,658260   -9,199430     47,37
   70   38,614660   -8,907540     35,11
   71   38,749310   -9,179620     53,82
   72   38,754750   -9,094360     48,43
   73   38,654370   -9,143230     45,17
   74   38,713700   -9,133160     48,73
   75   38,704690   -8,979810     39,50
   76   38,710150   -9,187490     51,33
   77   38,744830   -8,982680     40,34
   78   38,611310   -9,143050     41,96
   79   38,614300   -9,025770     38,79
   80   38,616360   -9,084990     40,74
   81   38,737100   -9,410110     61,77
   82   38,747080   -9,238170     57,02
   83   38,779640   -9,270420     61,72
   84   38,690090   -9,426120     54,51
   85   38,708760   -9,485280     57,13
   86   38,781500   -9,496520     69,70
   87   38,825530   -9,323590     69,04
   88   38,785990   -9,381990     67,72
   89   38,823860   -9,265570     65,03
   90   38,739780   -9,472990     62,64
   91   38,740600   -9,355720     61,12
   92   38,774330   -9,441490     67,81
   93   38,698330   -9,367440     55,62
   94   38,775890   -9,329000     64,37
   95   38,704190   -9,245410     53,30
   96   38,659080   -9,251000     48,80
   97   38,676080   -9,326650     52,13
   98   38,745150   -9,297910     59,66
   99   38,704410   -9,311560     55,42
  100   38,826760   -9,395900     73,08
  101   38,919780   -9,424640     82,94
  102   38,913500   -9,259320     69,46
  103   38,871890   -9,391780     77,29
  104   38,914540   -9,316680     74,61
  105   38,871200   -9,327050     72,92
  106   38,866780   -9,450420     79,91
  107   38,875010   -9,263030     68,08
  108   38,915380   -9,381390     79,73
  109   38,821470   -9,472360     75,25
  110   38,722370   -8,535560     27,45
  111   38,613860   -8,838990     33,37
  112   38,711940   -8,652980     27,45
  113   38,758090   -8,696430     25,88
  114   38,754850   -8,595750     24,92
  115   38,669190   -8,779380     31,14
  116   38,618540   -8,655810     31,64
  117   38,712720   -8,775060     29,84
  118   38,620320   -8,722770     31,59
  119   38,748930   -8,830200     31,17
  120   38,674800   -8,533970     30,43
  121   38,758280   -8,528880     25,24
  122   38,670050   -8,594670     29,74
  123   38,623510   -8,604400     31,94
  124   38,622490   -8,538510     33,28
  125   38,664370   -8,710110     30,05
  126   38,619860   -8,776020     32,15
  127   38,707640   -8,589210     27,70
  128   38,754880   -8,645510     25,17
  129   38,709380   -8,831780     32,02
  130   38,664040   -8,833960     32,79
  131   38,664500   -8,642080     29,73
  132   38,720020   -8,715320     27,96
  133   38,936940   -8,748180     21,13
  134   38,811970   -8,720170     24,22
  135   38,883190   -8,682270     19,89
  136   38,886880   -8,735830     22,01
  137   38,940230   -8,796660     24,12
  138   38,873500   -8,804060     26,36
  139   38,838980   -8,611310     20,29
  140   38,843110   -8,746620     24,11
  141   38,793170   -8,622030     22,86
  142   38,887280   -8,545460     17,51
  143   38,809110   -8,796730     27,82
  144   38,802200   -8,549660     22,24
  145   38,835760   -8,851920     30,56
  146   38,935270   -8,621760     16,23
  147   38,796980   -8,696430     24,10
  148   38,895170   -8,843720     28,63
  149   38,787900   -8,847180     31,27
  150   38,883790   -8,614540     18,14
  151   38,936130   -8,853950     28,59
  152   38,842850   -8,681610     21,58
  153   38,928460   -8,673810     17,93
  154   38,843010   -8,535820     19,92
  155   38,852500   -8,773360     25,15
  156   38,925460   -8,552200     15,81
  157   39,142240   -8,586640     14,68
  158   38,725700   -7,988130     47,08
  159   39,535800   -8,636600     36,68
  160   38,169260   -8,645560     35,48
  161   39,453860   -9,201150     42,44
  162   38,051360   -8,435600     42,65
  163   39,437420   -8,918590     35,57
  164   38,245830   -8,234790     50,49
  165   38,448280   -7,800880     55,03
  166   39,336160   -8,417330     27,42
  167   39,694510   -8,130570     52,19
  168   38,569150   -8,189940     49,75
  169   39,173380   -9,048540     44,25
  170   38,442370   -7,381590     39,21
  171   38,246180   -7,783910     53,73
  172   39,077310   -8,187330     24,60
  173   38,739510   -7,584040     42,14
  174   38,566160   -8,900270     34,34
  175   39,360580   -9,407810     53,14
  177   38,491900   -8,523100     38,94
  178   38,322170   -8,005170     56,73
  179   38,840580   -8,519040     20,21
  180   38,452800   -9,106780     30,88
  181   38,894280   -9,091050     52,08
  182   39,367060   -8,011400     40,84
  185   39,189130   -7,622730     39,37
  186   38,916340   -7,654080     41,00
  187   39,031110   -7,107150     35,17
  188   38,839920   -7,258780     32,64
  189   38,094170   -7,446110     50,83
  190   38,012880   -7,873760     51,95
  191   38,228470   -7,153800     47,90
  192   39,575360   -7,630070     36,18
  193   39,313510   -7,360510     36,00
  194   39,687170   -9,002540     39,27
  195   37,794740   -7,450520     63,42
  196   37,243490   -7,739010     64,18
  197   37,700360   -7,761590     62,29
  198   37,881550   -8,167590     51,03
  199   37,283540   -8,860220     94,16
  200   37,085510   -8,951810     84,42
  201   37,088110   -8,718550     83,90
  202   37,186560   -7,487360     65,50
  203   37,794400   -8,718790     55,44
  204   37,964400   -7,284310     58,80
  205   37,315590   -8,596450     94,28
  206   37,929700   -7,593480     55,48
  207   37,101140   -7,933070     51,20
  208   37,370740   -8,080360     69,36
  209   37,138360   -8,394570     70,22
  210   37,507280   -8,716790     87,82
  211   37,618400   -8,072680     64,45
  212   37,614990   -8,386380     72,30
  213   37,148670   -8,791020     90,99
  214   38,725830   -9,456670     60,30
  215   38,823890   -9,445560     74,74
  233   38,950280   -9,394720     82,40
  235   38,744110   -9,392810     62,49
  236   39,006390   -9,390560     83,18
  237   39,124440   -9,390000     78,95
  239   39,090830   -9,386940     80,73
  241   38,762690   -9,384750     64,83
  254   38,824830   -9,358020     70,97
  259   38,989720   -9,346110     79,27
  261   39,193330   -9,341670     69,63
  262   39,378610   -9,341390     50,10
  263   38,845970   -9,333550     71,44
  266   38,906080   -9,329070     75,22
  268   38,936980   -9,327260     76,43
  276   39,131670   -9,319440     72,54
  278   39,312780   -9,318890     56,44
  286   39,275280   -9,296940     59,04
  289   39,219440   -9,295830     63,97
  290   39,066940   -9,292220     73,07
  291   39,179440   -9,291940     66,85
  295   39,381670   -9,284440     48,73
  296   39,345280   -9,282500     51,90
  297   38,891390   -9,281940     70,54
  299   39,019750   -9,280100     72,88
  308   38,747500   -9,273890     58,84
  310   39,048690   -9,270750     71,41
  312   39,132500   -9,269440     67,89
  318   39,254440   -9,264170     58,82
  345   39,354170   -9,239440     49,58
  347   39,123690   -9,237000     65,17
  348   39,182500   -9,234170     61,64
  349   39,316670   -9,234170     52,14
  352   38,782220   -9,231110     59,52
  353   38,671070   -9,231100     49,53
  354   39,095560   -9,230560     65,74
  355   39,228890   -9,230280     58,26
  356   38,727500   -9,227220     54,72
  357   39,017500   -9,225280     67,15
  358   38,694420   -9,220540     51,41
  359   39,155710   -9,218880     61,76
  360   38,415560   -9,216390     26,16
  363   39,283610   -9,209440     53,03
  366   38,823330   -9,204440     60,34
  367   39,054170   -9,199440     63,68
  368   38,447500   -9,199440     28,90
  370   39,412500   -9,197220     44,49
  371   38,588610   -9,197220     40,94
  373   38,898330   -9,194170     62,68
  376   38,962220   -9,189720     63,39
  378   38,628890   -9,184440     44,35
  379   39,189390   -9,183100     56,60
  382   39,325040   -9,178720     48,65
  383   38,542220   -9,177500     36,77
  389   39,209930   -9,171710     54,51
  392   39,017780   -9,170000     61,04
  394   39,106110   -9,168330     58,74
  399   39,290590   -9,160720     49,43
  401   39,252890   -9,159240     51,26
  402   39,135280   -9,158610     56,64
  413   38,986670   -9,150830     59,12
  416   38,686290   -9,146460     47,59
  419   39,060280   -9,142780     57,21
  420   39,185280   -9,142500     52,98
  422   39,399540   -9,135150     43,22
  430   39,519720   -9,131670     39,72
  431   39,433080   -9,130450     41,93
  436   39,141110   -9,125830     53,01
  439   38,516670   -9,121940     34,84
  440   38,782180   -9,120770     51,59
  441   38,865560   -9,120280     54,49
  444   38,901390   -9,116940     54,88
  449   39,324170   -9,109170     44,72
  453   39,284170   -9,106670     45,98
  454   38,642070   -9,104850     42,95
  456   38,775310   -9,104430     50,04
  460   39,027780   -9,102220     53,18
  461   39,237220   -9,101670     47,27
  465   39,186390   -9,096940     48,58
  467   39,497750   -9,095630     39,80
  470   39,100560   -9,093610     50,75
  476   39,552500   -9,089170     39,15
  479   38,520830   -9,084170     35,02
  482   39,421390   -9,081390     40,79
  484   39,048060   -9,077780     50,07
  486   38,663490   -9,074740     42,94
  488   39,365280   -9,073330     41,62
  490   38,563060   -9,071670     37,35
  491   39,606390   -9,070560     38,94
  497   38,488330   -9,056670     33,16
  499   39,470560   -9,053330     39,38
  500   38,964170   -9,052220     48,09
  501   39,655280   -9,050280     39,08
  507   39,488060   -9,038330     38,98
  510   39,141940   -9,032500     43,30
  512   39,290560   -9,031110     40,49
  514   39,369720   -9,026940     39,30
  515   39,416110   -9,026390     38,96
  516   39,568060   -9,022220     38,81
  519   38,503890   -9,020830     33,85
  520   39,234440   -9,015000     40,08
  524   39,320000   -9,009440     38,75
  527   38,611390   -9,005560     38,03
  529   39,625000   -9,004170     39,00
  530   39,765560   -9,003890     39,40
  532   39,060830   -9,002220     41,44
  534   39,108330   -8,999170     40,43
  535   37,023420   -8,995840     79,06
  536   39,473060   -8,995560     38,06
  538   39,373610   -8,992780     37,67
  539   38,475560   -8,992500     32,62
  540   39,534580   -8,992330     38,38
  541   38,658610   -8,988610     38,89
  548   39,022270   -8,977650     39,30
  549   38,870830   -8,976670     40,52
  557   39,162500   -8,970830     36,97
  558   39,831110   -8,970830     38,87
  559   38,546390   -8,969170     34,99
  561   39,205830   -8,967500     36,36
  562   39,613060   -8,961390     38,79
  564   38,755460   -8,957670     38,76
  565   37,035640   -8,954070     80,96
  567   38,927500   -8,951390     37,66
  568   37,001000   -8,948290     78,14
  569   39,278330   -8,946670     34,74
  571   39,889170   -8,945560     37,75
  573   39,550160   -8,941340     37,95
  575   38,740830   -8,938610     37,43
  576   38,533610   -8,938610     34,23
  578   39,340280   -8,937780     34,74
  579   37,047630   -8,937550     82,20
  580   38,600000   -8,937220     35,71
  581   39,671670   -8,936670     39,11
  587   39,413060   -8,934440     35,63
  594   39,738890   -8,925560     39,12
  596   39,151390   -8,924720     32,81
  598   39,479170   -8,922220     36,48
  600   39,927220   -8,921390     36,47
  605   37,130280   -8,919560     87,99
  608   37,196330   -8,916610     90,56
  609   39,107500   -8,914440     32,05
  611   38,629510   -8,913150     35,44
  612   39,806670   -8,913060     38,48
  613   39,234720   -8,912220     32,03
  614   39,203890   -8,910000     31,65
  618   39,317780   -8,905560     32,70
  619   37,035880   -8,905360     81,59
  620   38,969170   -8,905000     32,60
  621   37,111090   -8,904580     87,35
  625   39,271110   -8,899440     31,58
  628   37,183730   -8,895810     91,13
  629   39,615830   -8,895560     38,52
  634   39,858330   -8,890560     37,34
  635   39,504170   -8,888330     36,39
  636   39,958330   -8,886940     34,76
  637   38,864720   -8,886670     32,63
  641   38,529820   -8,883170     33,62
  643   37,138270   -8,878960     89,58
  644   39,001670   -8,878890     29,70
  646   37,219050   -8,877620     92,84
  651   38,583610   -8,871110     34,00
  653   37,100110   -8,869850     87,20
  657   39,549720   -8,867500     37,20
  658   37,955270   -8,866890     37,26
  662   37,198490   -8,863560     92,76
  667   38,647220   -8,856670     33,66
  668   38,554720   -8,856110     33,61
  669   37,234860   -8,854830     94,01
  670   39,088990   -8,854660     26,83
  673   39,234720   -8,850280     27,81
  675   37,339940   -8,846880     93,86
  676   39,468330   -8,846390     34,67
  677   39,638400   -8,846050     38,63
  678   37,100210   -8,845930     87,36
  681   39,810740   -8,843540     37,79
  682   39,419170   -8,843060     32,95
  683   39,891940   -8,843060     35,73
  684   39,207220   -8,843060     26,83
  686   39,377220   -8,840830     31,42
  688   39,830800   -8,840160     37,33
  690   37,255250   -8,839150     94,86
  691   39,862700   -8,838890     36,51
  692   39,314720   -8,838330     29,24
  694   39,797210   -8,836250     38,01
  700   37,954420   -8,834960     38,17
  701   37,214330   -8,834630     94,06
  702   39,675730   -8,834500     38,90
  704   39,499720   -8,833330     35,47
  705   39,163330   -8,833330     25,51
  735   39,722120   -8,831110     38,88
  739   37,132110   -8,828710     89,84
  742   39,659630   -8,827230     38,80
  743   38,431670   -8,826670     32,49
  744   37,154170   -8,826390     91,32
  746   38,726390   -8,824720     31,39
  747   39,767980   -8,824700     38,43
  749   38,791940   -8,824170     29,83
  751   39,288330   -8,822220     27,65
  753   39,909500   -8,821280     34,83
  756   37,598630   -8,816100     75,66
  759   37,092670   -8,812720     86,59
  760   37,260600   -8,812600     95,65
  762   37,312260   -8,807310     95,88
  766   39,068610   -8,804720     22,97
  767   38,601670   -8,803890     32,82
  768   38,753330   -8,803890     29,80
  772   37,345540   -8,801590     95,45
  773   39,988670   -8,801350     31,54
  774   37,283880   -8,801350     96,12
  776   37,235360   -8,798660     95,36
  778   39,484440   -8,797780     34,50
  779   37,917360   -8,797610     41,87
  783   37,106480   -8,794880     87,63
  784   37,381200   -8,794870     94,45
  785   39,622220   -8,793890     38,38
  786   39,586670   -8,793610     37,69
  788   38,682220   -8,793060     31,20
  789   37,880660   -8,792530     45,13
  790   39,205280   -8,792500     23,68
  791   39,818610   -8,791940     37,32
  794   39,545830   -8,791390     36,58
  796   39,899720   -8,788330     34,73
  798   37,525170   -8,787630     84,45
  799   37,565560   -8,787220     80,37
  800   37,853130   -8,786600     47,86
  801   37,787980   -8,786430     54,67
  802   37,091290   -8,786300     86,09
  803   39,953370   -8,786200     32,64
  805   38,112890   -8,785650     32,30
  806   37,744110   -8,784920     59,70
  808   39,234170   -8,783890     24,03
  809   38,393890   -8,783610     32,77
  810   37,984690   -8,783140     37,51
  811   37,723450   -8,782040     62,21
  812   38,965280   -8,780560     22,47
  813   37,219260   -8,780240     94,95
  814   39,414170   -8,779720     31,27
  815   37,076300   -8,778130     84,42
  816   39,513610   -8,777500     35,42
  820   38,788060   -8,776110     27,46
  823   37,139930   -8,775160     90,19
  824   38,339170   -8,774440     32,42
  825   37,898320   -8,773210     44,03
  826   37,702160   -8,772190     65,02
  828   39,456390   -8,770560     33,02
  829   37,433300   -8,770190     92,42
  832   38,547780   -8,767780     33,12
  835   38,644720   -8,765280     31,44
  836   39,378060   -8,763890     29,24
  838   37,445590   -8,760600     91,86
  839   39,275000   -8,760560     24,45
  841   37,528290   -8,759560     85,01
  842   37,654990   -8,759390     71,01
  843   39,708610   -8,758890     39,06
  844   37,695310   -8,758760     66,19
  845   37,817800   -8,758640     52,11
  847   39,671940   -8,758060     39,03
  848   39,082780   -8,757780     19,84
  849   37,751700   -8,756850     59,54
  850   37,461970   -8,755190     90,82
  851   38,049190   -8,754090     35,03
  852   39,783060   -8,753610     38,14
  854   37,865630   -8,751820     47,45
  855   39,865830   -8,751390     35,73
  856   37,178760   -8,751320     92,68
  857   39,334720   -8,750830     26,81
  858   37,126760   -8,748430     88,62
  859   38,738060   -8,746940     28,09
  861   38,573290   -8,745800     32,76
  862   37,600320   -8,744280     77,77
  863   37,292780   -8,743610     96,88
  865   38,908610   -8,742780     21,65
  867   39,922500   -8,739720     33,42
  868   38,303170   -8,736950     33,07
  869   38,608890   -8,736940     31,98
  870   39,193640   -8,735640     20,47
  871   37,509680   -8,734440     87,32
  872   37,549090   -8,734300     83,52
  873   39,042220   -8,734170     18,53
  875   37,478100   -8,733360     90,02
  877   38,998330   -8,732780     18,93
  878   38,252500   -8,732180     32,88
  879   37,156000   -8,732060     90,70
  880   38,141330   -8,730650     33,27
  884   38,111780   -8,728340     33,83
  885   37,750010   -8,727570     60,35
  889   38,193940   -8,726450     32,98
  891   37,126280   -8,724330     87,94
  892   37,870780   -8,724290     47,52
  893   37,838580   -8,724250     50,66
  894   38,277700   -8,724090     33,26
  895   37,614510   -8,723710     76,56
  897   39,984720   -8,723330     30,53
  901   37,349170   -8,720830     96,63
  902   37,209170   -8,720280     94,03
  903   39,129720   -8,720280     18,26
  910   38,453060   -8,717780     34,23
  912   39,622500   -8,717500     38,69
  919   38,039360   -8,713790     36,39
  920   37,245000   -8,713610     95,59
  921   39,381390   -8,713060     28,44
  922   37,560200   -8,713030     82,73
  926   38,010650   -8,710990     37,75
  927   39,729720   -8,710830     39,24
  929   37,851080   -8,710450     49,66
  934   37,935150   -8,709340     42,43
  935   39,104740   -8,709160     17,40
  942   39,779720   -8,706390     38,46
  947   39,276590   -8,705020     22,67
  948   39,565280   -8,705000     37,27
  950   37,730560   -8,704440     63,03
  951   39,410000   -8,703890     29,93
  952   39,512780   -8,703610     35,22
  954   38,408610   -8,702780     34,59
  957   37,127640   -8,702050     87,35
  962   37,704720   -8,700000     66,19
  963   38,538890   -8,699720     33,59
  967   38,682780   -8,698330     29,20
  970   38,162800   -8,697780     33,97
  973   39,846940   -8,696940     36,51
  975   37,603710   -8,696500     78,19
  981   37,997540   -8,694850     38,78
  986   38,017070   -8,692660     37,86
  992   39,355560   -8,691390     26,66
  993   37,898090   -8,691370     45,70
  995   38,926390   -8,690000     18,61
  998   37,116730   -8,689080     85,78
 1003   38,581900   -8,687190     32,68
 1005   39,675280   -8,686670     39,63
 1008   37,310280   -8,685560     96,64
 1013   37,420560   -8,684170     94,14
 1014   37,820130   -8,683870     53,22
 1021   39,470830   -8,679720     33,19
 1023   38,068470   -8,678890     36,22
 1025   39,306960   -8,678800     23,67
 1028   38,473200   -8,677000     34,90
 1029   37,180830   -8,676670     91,02
 1032   39,723330   -8,675830     39,68
 1037   37,802180   -8,674770     55,25
 1039   37,968060   -8,674170     40,90
 1046   39,140000   -8,672500     16,53
 1047   38,310280   -8,672140     35,03
 1049   39,058610   -8,671390     15,57
 1050   39,876940   -8,671110     35,50
 1052   38,561940   -8,670830     33,37
 1059   38,423060   -8,668610     35,43
 1060   39,579440   -8,668610     38,03
 1068   39,322220   -8,663850     24,31
 1069   39,347410   -8,663530     25,83
 1070   37,716510   -8,663430     65,18
 1071   37,463610   -8,663060     91,48
 1072   37,771880   -8,662470     58,75
 1073   37,595200   -8,662370     79,38
 1077   39,375890   -8,661000     27,56
 1082   37,682160   -8,658920     69,31
 1085   39,956940   -8,654720     31,84
 1086   38,833890   -8,654720     21,28
 1089   37,150300   -8,653490     87,54
 1090   38,133640   -8,653090     35,55
 1091   37,858330   -8,653060     49,83
 1093   37,986430   -8,652710     40,26
 1096   38,968610   -8,649720     15,97
 1097   38,249950   -8,649200     35,42
 1098   39,786670   -8,648890     38,94
 1100   39,621110   -8,648330     39,41
 1102   37,596370   -8,645760     79,28
 1105   39,020560   -8,645560     14,90
 1108   39,112780   -8,643330     15,10
 1110   39,815000   -8,643060     38,19
 1111   37,130950   -8,643030     85,19
 1112   37,232220   -8,642780     93,14
 1113   38,089300   -8,642140     36,61
 1116   37,891110   -8,639720     47,09
 1117   38,504720   -8,639720     35,23
 1118   38,485000   -8,639170     35,60
 1120   38,723330   -8,637500     26,77
 1124   37,632750   -8,636890     75,18
 1126   39,425910   -8,634440     30,64
 1127   39,748060   -8,634170     39,99
 1128   37,990560   -8,634170     40,42
 1129   38,204580   -8,632950     35,81
 1130   37,276940   -8,632500     94,70
 1131   37,492500   -8,631110     89,10
 1134   37,780560   -8,629170     58,05
 1135   37,183330   -8,628890     89,28
 1137   37,615750   -8,626880     77,09
 1139   39,212080   -8,625210     17,81
 1140   37,941390   -8,624720     43,51
 1142   37,750280   -8,623890     61,48
 1145   39,185560   -8,621670     16,64
 1146   38,911940   -8,621670     17,08
 1147   38,866390   -8,620280     19,05
 1148   38,662300   -8,619040     29,93
 1149   38,697220   -8,618890     28,14
 1151   39,278330   -8,617500     21,19
 1152   39,390280   -8,617220     28,37
 1155   37,401670   -8,616390     94,02
 1156   38,397500   -8,616390     37,05
 1157   37,160360   -8,614160     86,58
 1161   37,604130   -8,610410     78,29
 1162   39,680000   -8,609720     40,83
 1164   39,890000   -8,607780     35,72
 1165   39,513330   -8,607780     35,94
 1166   39,723890   -8,606940     40,79
 1167   37,956720   -8,606450     42,84
 1168   38,441940   -8,605000     37,12
 1169   38,231060   -8,604530     36,83
 1171   37,505560   -8,603610     87,68
 1172   39,661110   -8,603610     40,81
 1173   37,554170   -8,600560     83,33
 1175   39,327780   -8,598890     24,21
 1178   37,905560   -8,597780     46,49
 1180   37,227950   -8,597080     90,94
 1181   37,194270   -8,596880     88,58
 1183   39,603610   -8,595560     39,82
 1184   39,015560   -8,595560     13,81
 1185   38,481040   -8,594270     36,86
 1186   38,067920   -8,592690     38,40
 1187   39,785280   -8,591940     40,00
 1188   39,232220   -8,590830     18,41
 1189   39,941670   -8,590280     33,48
 1190   38,140610   -8,590110     37,34
 1192   37,212880   -8,589400     89,57
 1193   38,796390   -8,589170     22,49
 1196   38,888330   -8,586940     17,59
 1197   39,576110   -8,585560     39,10
 1198   38,597220   -8,585000     33,45
 1199   39,847220   -8,584720     38,05
 1201   39,475560   -8,581750     34,15
 1202   37,251110   -8,581670     91,51
 1203   38,955830   -8,580000     14,90
 1204   37,817030   -8,578300     54,50
 1205   38,565280   -8,577500     34,92
 1208   37,719440   -8,575280     65,01
 1209   39,444720   -8,573610     32,31
 1210   38,738330   -8,573060     26,00
 1212   37,438610   -8,570000     91,22
 1213   38,679080   -8,569890     29,55
 1215   37,125190   -8,568100     80,42
 1216   39,076110   -8,567500     13,31
 1217   38,852220   -8,565280     19,31
 1218   37,234950   -8,565050     89,75
 1219   37,871110   -8,565000     49,61
 1222   37,598160   -8,563710     78,38
 1223   37,779720   -8,563610     58,36
 1224   39,042780   -8,563330     13,22
 1226   37,846390   -8,562220     51,79
 1228   37,574170   -8,560830     80,75
 1229   38,263590   -8,560140     38,59
 1231   39,741110   -8,557780     41,68
 1232   38,117690   -8,557410     38,51
 1233   39,276110   -8,557220     20,91
 1235   37,318820   -8,555760     92,59
 1236   37,206560   -8,554550     87,21
 1237   37,285530   -8,554120     91,63
 1238   37,943890   -8,552500     44,47
 1239   38,180640   -8,552490     38,43
 1240   39,876940   -8,552220     37,53
 1242   39,972780   -8,551940     32,70
 1243   37,653660   -8,551640     72,23
 1244   37,975360   -8,551540     42,74
 1246   37,497500   -8,550280     87,09
 1248   39,685000   -8,548890     42,18
 1249   37,397500   -8,546670     91,90
 1250   37,244360   -8,546550     89,30
 1252   37,359870   -8,543880     92,32
 1253   37,166180   -8,541960     82,99
 1255   37,927460   -8,541410     45,65
 1256   39,920280   -8,540280     35,74
 1257   39,106670   -8,540280     13,60
 1261   37,525280   -8,537780     84,62
 1262   38,555280   -8,536390     36,43
 1263   39,613330   -8,536390     41,34
 1266   38,786110   -8,535280     23,38
 1267   39,165000   -8,534720     15,24
 1268   39,490530   -8,534350     35,83
 1271   39,525440   -8,531650     37,86
 1275   38,871110   -8,530560     18,40
 1278   39,242500   -8,529720     19,01
 1279   37,200120   -8,529560     85,21
 1280   38,992780   -8,529440     13,76
 1282   38,309480   -8,529360     40,06
 1283   39,760830   -8,528890     42,09
 1284   39,348890   -8,528060     26,13
 1285   37,969440   -8,527780     43,44
 1286   38,226090   -8,527550     39,51
 1288   37,436670   -8,526940     89,80
 1289   37,708610   -8,526670     65,88
 1292   38,902220   -8,526110     16,88
 1295   38,957180   -8,523570     14,72
 1297   38,372090   -8,522960     40,48
 1298   37,815380   -8,522150     54,80
 1299   39,564170   -8,521940     39,94
 1300   39,647220   -8,521670     42,46
 1301   37,750280   -8,521670     61,35
 1303   38,417780   -8,521110     40,31
 1306   38,076860   -8,519500     40,11
 1309   37,610120   -8,517110     76,27
 1311   39,801110   -8,516670     41,43
 1312   39,202220   -8,516110     16,95
 1313   39,834170   -8,514170     40,38
 1316   37,582780   -8,511670     78,84
 1317   37,376450   -8,511400     90,70
 1318   38,288200   -8,510720     40,64
 1319   37,208760   -8,510630     84,71
 1321   39,430560   -8,506940     32,40
 1324   37,288330   -8,503890     89,01
 1325   37,897500   -8,503610     48,08
 1327   38,146640   -8,501080     40,10
 1329   37,109530   -8,499920     74,22
 1331   37,495970   -8,497730     85,48
 1334   37,692040   -8,494510     67,27
 1337   38,805830   -8,492780     22,76
 1339   38,891670   -8,491390     17,76
 1340   38,413610   -8,491110     41,54
 1343   37,333610   -8,489720     89,45
 1344   38,714170   -8,489440     28,96
 1345   38,098390   -8,489250     40,66
 1346   37,591460   -8,488410     77,41
 1347   37,189290   -8,488060     81,63
 1349   37,549880   -8,487840     81,11
 1350   37,443600   -8,487540     87,88
 1351   38,510830   -8,487500     39,71
 1352   37,962780   -8,486940     44,41
 1353   39,203060   -8,486940     17,33
 1354   39,021940   -8,486670     13,62
 1357   37,392860   -8,485210     89,22
 1359   39,360000   -8,481670     27,71
 1360   37,496080   -8,481400     84,86
 1361   39,691390   -8,481110     44,00
 1362   38,181830   -8,481080     40,88
 1363   39,947220   -8,480830     36,23
 1364   38,376260   -8,480440     42,19
 1365   37,763610   -8,479720     59,70
 1366   39,467220   -8,479440     35,51
 1367   38,249110   -8,478690     41,54
 1369   39,900560   -8,476940     38,68
 1370   37,512830   -8,476070     83,54
 1371   39,753610   -8,475280     43,76
 1373   38,853890   -8,474720     20,13
 1374   38,593060   -8,473330     36,79
 1375   39,405560   -8,471110     31,33
 1376   39,520830   -8,471110     39,01
 1378   37,611940   -8,469170     74,95
 1379   37,133640   -8,468130     74,76
 1380   38,680750   -8,467470     31,80
 1381   39,297220   -8,467220     23,42
 1382   38,274780   -8,467210     42,24
 1383   39,649720   -8,466670     43,97
 1384   39,860830   -8,465830     40,85
 1385   37,252630   -8,464220     84,79
 1386   37,660000   -8,463890     70,06
 1387   39,052780   -8,463610     13,79
 1388   38,128080   -8,462880     41,31
 1389   39,166940   -8,462780     16,10
 1390   39,245830   -8,462220     20,13
 1391   39,311940   -8,461110     24,59
 1392   39,814170   -8,458610     42,81
 1393   38,335000   -8,458460     43,05
 1394   38,918610   -8,458330     17,08
 1395   37,833270   -8,458330     53,22
 1396   37,785560   -8,458060     57,44
 1400   39,104720   -8,456670     14,39
 1401   37,880560   -8,456670     49,60
 1402   37,166730   -8,455590     77,33
 1403   37,981380   -8,455170     44,12
 1404   37,187380   -8,454470     79,20
 1405   39,595830   -8,454440     42,89
 1406   37,373060   -8,454170     87,76
 1409   38,470000   -8,449720     42,34
 1410   37,101970   -8,448560     69,83
 1413   38,567780   -8,444170     39,12
 1414   38,814720   -8,444170     23,34
 1415   37,933640   -8,443720     46,45
 1418   37,711580   -8,440570     64,43
 1420   37,189910   -8,438740     78,35
 1421   38,955560   -8,436390     16,11
 1423   38,613610   -8,435560     37,06
 1427   39,216670   -8,434440     19,05
 1428   37,597500   -8,434170     75,29
 1430   39,645000   -8,430830     44,91
 1431   38,869170   -8,428890     20,38
 1432   38,214060   -8,428020     43,07
 1434   37,768610   -8,427220     58,78
 1435   37,549720   -8,426110     78,98
 1436   38,231860   -8,425210     43,40
 1437   38,662320   -8,425080     34,46
 1438   37,866000   -8,424840     50,76
 1439   38,339560   -8,424490     44,49
 1441   38,312110   -8,423270     44,37
 1443   37,970280   -8,421670     45,09
 1444   39,005280   -8,421390     15,19
 1445   39,380830   -8,419440     30,73
 1446   39,514720   -8,418610     40,03
 1447   39,775000   -8,418330     45,17
 1449   39,716670   -8,416390     45,93
 1450   39,597790   -8,416210     44,02
 1453   39,464440   -8,415280     36,93
 1454   38,776940   -8,415280     26,83
 1455   39,985560   -8,415000     36,90
 1457   37,223010   -8,414770     79,47
 1458   38,387950   -8,414460     44,94
 1459   39,242220   -8,414170     21,04
 1460   39,929720   -8,413060     39,69
 1463   39,828610   -8,411110     43,97
 1465   37,898660   -8,410190     48,71
 1466   38,174610   -8,410100     43,28
 1467   39,095830   -8,410000     15,36
 1468   39,306940   -8,410000     25,48
 1470   39,678330   -8,405830     46,13
 1471   37,732240   -8,404720     61,90
 1472   37,807220   -8,404440     55,25
 1474   37,265560   -8,403330     81,57
 1476   38,898890   -8,402500     19,56
 1477   39,872780   -8,401940     42,66
 1478   38,733330   -8,400830     30,45
 1481   37,210560   -8,393200     77,02
 1482   37,304440   -8,392780     82,77
 1483   38,424720   -8,392780     45,58
 1484   39,614500   -8,391480     45,26
 1485   39,413330   -8,390280     33,97
 1487   37,163830   -8,389130     72,48
 1488   38,529170   -8,388890     43,09
 1489   38,655680   -8,387540     36,37
 1490   37,193280   -8,387120     75,12
 1491   39,161110   -8,386940     17,80
 1493   38,012190   -8,385980     44,46
 1494   39,058330   -8,385560     15,81
 1495   38,828060   -8,385560     24,37
 1496   38,481390   -8,385280     44,81
 1497   37,954990   -8,384160     46,22
 1498   37,990010   -8,383190     45,07
 1499   39,825530   -8,383090     45,06
 1500   37,650000   -8,382500     69,09
 1502   39,201940   -8,380560     19,80
 1504   39,991260   -8,378740     38,27
 1505   37,362360   -8,377870     83,30
 1506   37,684170   -8,376940     65,86
 1509   37,216040   -8,376070     76,31
 1510   39,567500   -8,375830     43,93
 1513   38,116310   -8,374680     43,96
 1515   39,282500   -8,372780     24,86
 1516   39,935860   -8,372700     41,10
 1522   39,921040   -8,370130     41,87
 1523   39,744950   -8,370110     47,19
 1524   38,773010   -8,369120     28,83
 1528   39,380000   -8,368330     32,12
 1535   37,973330   -8,366110     45,84
 1536   38,069970   -8,366020     44,18
 1537   38,257920   -8,365850     46,04
 1538   38,190310   -8,365820     45,00
 1539   39,727290   -8,365050     47,47
 1540   38,941670   -8,365000     18,92
 1543   38,141860   -8,364240     44,46
 1544   38,649080   -8,363680     37,79
 1545   37,444720   -8,363610     81,77
 1546   38,566670   -8,363610     42,53
 1551   37,101640   -8,361210     63,95
 1559   39,316110   -8,359170     27,66
 1562   37,934050   -8,355950     47,41
 1563   38,436110   -8,354720     47,09
 1568   38,350030   -8,353960     47,51
 1570   37,836110   -8,353330     52,91
 1576   39,096390   -8,350830     17,34
 1577   38,391090   -8,350090     47,70
 1579   38,747780   -8,349720     31,45
 1583   38,793610   -8,348890     28,19
 1584   37,880830   -8,348610     50,10
 1585   37,910280   -8,348330     48,55
 1586   39,844470   -8,348180     45,71
 1587   39,827510   -8,347760     46,25
 1589   39,030000   -8,347500     17,33
 1596   38,631390   -8,345560     39,70
 1599   37,505000   -8,344720     78,46
 1600   39,229170   -8,344170     22,48
 1603   37,174480   -8,342710     70,42
 1605   38,987780   -8,342220     18,29
 1606   39,623060   -8,341940     46,90
 1607   38,887500   -8,341390     22,47
 1608   38,308030   -8,341230     47,69
 1609   37,779300   -8,340600     57,08
 1610   37,231550   -8,339740     75,11
 1611   37,392350   -8,339690     81,24
 1612   37,330330   -8,339390     80,32
 1613   37,633890   -8,338890     69,30
 1617   38,020680   -8,336480     45,30
 1618   38,506940   -8,335830     46,21
 1619   37,588610   -8,335830     72,78
 1621   38,126560   -8,334460     45,22
 1622   37,538890   -8,334440     76,12
 1623   39,507220   -8,334170     41,93
 1625   39,932780   -8,333060     42,94
 1626   39,412780   -8,332220     35,64
 1627   39,472470   -8,332160     39,81
 1628   38,482220   -8,331940     47,12
 1630   37,762780   -8,330830     58,30
 1636   37,724170   -8,324440     61,38
 1638   37,432280   -8,322290     79,91
 1639   37,452850   -8,321990     79,43
 1640   38,712220   -8,317500     35,44
 1641   39,161940   -8,317500     20,34
 1643   37,157160   -8,316420     67,05
 1646   37,249610   -8,314340     74,77
 1647   37,974170   -8,313890     46,61
 1648   39,383060   -8,310280     34,14
 1649   38,839720   -8,310280     26,72
 1650   39,743330   -8,309440     49,04
 1652   37,481860   -8,308850     77,85
 1653   37,669170   -8,308610     65,63
 1657   39,901110   -8,306390     45,30
 1658   38,252500   -8,306230     48,19
 1659   38,754440   -8,305280     32,92
 1660   38,390700   -8,304980     49,59
 1664   38,566670   -8,302220     45,23
 1665   39,244170   -8,302220     24,90
 1666   37,197030   -8,301690     69,88
 1667   39,301670   -8,300280     28,64
 1668   37,500670   -8,300180     76,69
 1670   38,509440   -8,300000     47,68
 1671   37,633060   -8,299720     68,28
 1672   37,080210   -8,299560     57,84
 1673   39,484440   -8,299440     41,49
 1674   37,291710   -8,298120     76,26
 1675   39,770830   -8,298060     49,09
 1676   39,051670   -8,296940     19,32
 1679   37,383610   -8,293610     78,64
 1680   37,807290   -8,293360     54,72
 1681   39,520830   -8,293060     43,82
 1682   38,598610   -8,293060     43,96
 1683   38,467500   -8,292220     49,19
 1684   38,150920   -8,292090     46,79
 1686   39,010830   -8,289720     20,08
 1687   38,284090   -8,289590     49,34
 1688   37,912300   -8,288590     48,95
 1689   38,078800   -8,287820     46,14
 1690   39,435830   -8,287780     38,60
 1691   37,250680   -8,287500     73,20
 1692   37,218350   -8,286620     70,75
 1695   39,870830   -8,284720     47,16
 1696   38,328730   -8,282730     50,21
 1697   39,337780   -8,282500     31,78
 1698   38,433330   -8,280280     50,27
 1699   37,128870   -8,280010     62,00
 1700   38,810830   -8,277500     30,17
 1701   39,808060   -8,277500     49,06
 1703   39,183610   -8,276670     22,87
 1704   37,735000   -8,276110     59,81
 1705   37,883610   -8,276110     50,30
 1706   38,650010   -8,275680     41,61
 1708   37,151270   -8,272910     63,88
 1709   38,896390   -8,272500     25,10
 1710   37,432500   -8,271670     77,34
 1711   37,843330   -8,271670     52,42
 1713   37,538340   -8,271300     73,66
 1715   37,092430   -8,270870     57,63
 1717   39,966670   -8,270560     44,34
 1718   38,964440   -8,270280     22,21
 1719   39,593890   -8,269440     47,78
 1721   38,125610   -8,268620     47,09
 1722   37,173360   -8,268530     65,76
 1723   37,601390   -8,267500     69,65
 1724   39,145280   -8,266110     21,97
 1725   38,722220   -8,265280     37,09
 1730   39,288610   -8,261110     29,20
 1731   39,213610   -8,261110     24,89
 1732   39,095830   -8,260560     21,20
 1733   37,577360   -8,260380     71,00
 1734   38,214390   -8,259260     49,03
 1737   39,377500   -8,253890     35,53
 1740   37,128300   -8,251060     60,38
 1741   38,168030   -8,250670     48,33
 1742   38,367920   -8,250530     51,70
 1743   37,244500   -8,249880     70,59
 1745   37,981110   -8,248330     47,48
 1748   37,178630   -8,247320     65,08
 1750   39,427780   -8,246940     39,22
 1752   37,944440   -8,246670     48,30
 1754   37,836100   -8,245920     52,84
 1756   39,495000   -8,242780     43,60
 1757   37,301390   -8,242780     73,57
 1760   38,515280   -8,240000     49,99
 1762   39,995000   -8,237780     44,82
 1764   39,576390   -8,235560     47,83
 1765   37,800280   -8,235560     54,94
 1768   37,711110   -8,234720     61,00
 1769   37,478890   -8,233890     74,63
 1770   38,079250   -8,233700     47,43
 1771   39,908610   -8,233060     47,82
 1772   38,919720   -8,230830     25,97
 1773   38,785000   -8,230830     34,19
 1774   37,638440   -8,230820     66,11
 1775   38,041940   -8,230560     47,32
 1776   38,295920   -8,229950     51,63
 1777   39,830560   -8,229720     49,97
 1779   39,066670   -8,229170     22,51
 1781   37,209340   -8,228470     66,75
 1782   37,765000   -8,228060     57,17
 1783   37,155440   -8,227540     61,88
 1785   39,653610   -8,226390     50,36
 1787   38,845560   -8,224720     30,41
 1788   38,603330   -8,224720     46,63
 1789   37,652150   -8,224660     65,02
 1791   37,088390   -8,222140     54,86
 1794   39,020000   -8,219720     23,32
 1796   38,647190   -8,218390     44,30
 1798   37,519440   -8,216940     72,53
 1800   39,255830   -8,215560     28,98
 1801   39,944440   -8,215280     47,38
 1802   38,751940   -8,215000     37,27
 1805   39,171940   -8,213060     25,22
 1806   38,455560   -8,213060     52,53
 1807   38,561390   -8,213060     49,22
 1809   38,988890   -8,212220     24,35
 1810   37,892380   -8,211890     50,32
 1811   39,861390   -8,211390     49,80
 1812   37,177230   -8,211000     63,10
 1817   39,535560   -8,206670     46,56
 1818   37,231430   -8,206400     67,37
 1819   38,123860   -8,204450     48,72
 1822   39,111670   -8,201390     24,23
 1823   38,218250   -8,200860     50,87
 1825   39,333330   -8,199720     34,29
 1827   39,405560   -8,198060     39,09
 1829   39,463670   -8,195850     42,82
 1830   37,841350   -8,193980     52,63
 1832   38,492220   -8,192780     52,46
 1833   38,241080   -8,189840     51,72
 1835   39,968330   -8,187780     47,72
 1839   37,621670   -8,186940     66,21
 1840   38,710560   -8,186670     41,44
 1841   37,263890   -8,183610     68,53
 1842   37,161270   -8,182910     60,38
 1844   37,791940   -8,181670     55,26
 1845   38,358700   -8,181640     53,97
 1846   39,697220   -8,181110     51,74
 1847   37,708610   -8,180830     60,46
 1849   39,218610   -8,180280     28,54
 1850   39,290830   -8,179720     32,36
 1851   38,653410   -8,179700     45,50
 1852   37,122140   -8,179340     56,50
 1853   38,604720   -8,178610     48,39
 1854   37,750830   -8,177500     57,71
 1856   38,270700   -8,174970     52,79
 1857   38,873060   -8,174440     31,22
 1858   37,665270   -8,173940     63,19
 1860   37,448060   -8,173330     72,85
 1861   39,881670   -8,172220     50,38
 1863   39,772780   -8,170830     52,00
 1865   39,506940   -8,169440     45,77
 1866   38,749720   -8,168890     39,50
 1867   38,395530   -8,168470     54,50
 1868   38,780000   -8,168330     37,44
 1871   39,366110   -8,166110     37,43
 1872   39,017220   -8,166110     26,08
 1873   39,412780   -8,165830     40,38
 1874   38,159110   -8,165500     50,37
 1876   39,603890   -8,163890     49,97
 1878   38,044210   -8,162250     48,64
 1879   37,085100   -8,161950     52,23
 1880   37,991940   -8,161670     48,68
 1881   37,574440   -8,161110     68,27
 1882   38,836110   -8,160830     34,09
 1885   38,570830   -8,158060     50,81
 1887   37,380560   -8,156110     72,04
 1888   39,119440   -8,156110     26,53
 1889   39,255560   -8,155000     31,35
 1890   38,217780   -8,154670     52,06
 1892   38,475280   -8,154170     54,12
 1893   38,428610   -8,153890     54,79
 1896   39,159170   -8,150560     27,66
 1898   39,675000   -8,150000     51,79
 1899   37,304440   -8,149440     69,32
 1901   38,982220   -8,148610     27,76
 1902   39,068060   -8,148610     26,50
 1903   37,538330   -8,148610     69,60
 1904   38,523330   -8,148330     53,00
 1906   39,650830   -8,147500     51,37
 1908   39,916110   -8,146110     50,30
 1912   39,460000   -8,143330     43,66
 1913   37,230080   -8,142520     64,50
 1914   39,713980   -8,141550     52,30
 1915   39,745050   -8,141260     52,43
 1916   38,122030   -8,141080     50,09
 1920   37,155640   -8,138600     58,20
 1922   37,341390   -8,137500     70,36
 1923   37,896240   -8,137480     50,77
 1924   39,558330   -8,136670     48,58
 1929   37,484440   -8,134720     70,92
 1934   37,678640   -8,133310     61,79
 1938   39,978610   -8,130280     49,46
 1940   38,342510   -8,129770     55,20
 1942   38,382030   -8,126360     55,60
 1944   39,016110   -8,125560     28,13
 1945   39,312780   -8,125560     35,45
 1946   38,199220   -8,125330     52,24
 1947   37,202220   -8,124720     61,73
 1949   38,926390   -8,123330     31,03
 1950   37,331670   -8,123060     69,50
 1954   37,914930   -8,121130     50,41
 1955   38,610560   -8,120280     50,11
 1956   39,107220   -8,120000     28,08
 1957   38,838610   -8,118890     35,86
 1958   38,730000   -8,118610     42,91
 1960   39,891110   -8,117220     51,38
 1965   38,530000   -8,116390     53,71
 1966   38,485830   -8,116390     54,94
 1967   39,221940   -8,116110     31,31
 1968   38,162780   -8,114280     51,54
 1970   38,576940   -8,113330     51,95
 1971   37,405280   -8,112780     70,84
 1972   39,785130   -8,111790     52,58
 1974   37,553330   -8,111390     68,09
 1975   37,158010   -8,111370     57,58
 1977   37,931350   -8,110650     50,15
 1978   38,982220   -8,110560     29,65
 1980   38,028460   -8,109450     49,45
 1981   37,465540   -8,107920     70,51
 1983   38,132920   -8,107750     50,96
 1985   38,259470   -8,106250     54,14
 1986   39,643060   -8,106110     51,40
 1988   39,375830   -8,105000     39,59
 1989   37,823880   -8,104950     53,70
 1992   37,308360   -8,103500     67,87
 1994   37,073410   -8,101800     49,56
 1998   38,426870   -8,099490     56,16
 2000   38,874170   -8,098330     34,75
 2001   38,102670   -8,097780     50,52
 2003   39,191110   -8,097220     30,94
 2005   37,761560   -8,095670     56,78
 2006   39,514440   -8,095560     47,03
 2007   37,840280   -8,095000     53,05
 2008   38,691460   -8,094170     46,27
 2009   37,243620   -8,092220     63,81
 2010   38,900000   -8,091940     33,72
 2013   37,419670   -8,087830     70,21
 2014   39,070560   -8,086940     29,47
 2015   37,651670   -8,085000     62,83
 2016   37,962850   -8,084680     49,99
 2019   37,680710   -8,083640     61,21
 2020   39,897780   -8,083610     51,78
 2021   39,250560   -8,083330     33,73
 2023   37,605200   -8,082130     65,22
 2024   37,697690   -8,082050     60,25
 2025   37,785000   -8,081670     55,58
 2027   39,420560   -8,080280     42,51
 2028   39,745560   -8,078890     52,66
 2030   39,601940   -8,078060     50,34
 2031   38,695710   -8,077350     46,55
 2032   37,577950   -8,076620     66,42
 2033   37,146460   -8,076490     55,72
 2034   39,564440   -8,076110     49,12
 2036   39,978890   -8,074170     50,93
 2037   37,469060   -8,073080     69,61
 2039   37,103070   -8,072750     51,77
 2040   39,295000   -8,071670     36,14
 2041   39,833330   -8,071670     52,49
 2043   39,145560   -8,068890     30,94
 2044   37,882500   -8,068610     51,77
 2045   38,548330   -8,067500     54,24
 2047   39,443060   -8,066390     43,85
 2048   38,385420   -8,065270     56,80
 2049   37,455840   -8,065220     69,58
 2050   39,668060   -8,064720     51,80
 2052   38,755560   -8,064440     43,22
 2053   37,348330   -8,063060     68,31
 2054   37,158810   -8,061200     56,50
 2055   37,512900   -8,060420     68,47
 2056   39,718890   -8,060280     52,42
 2058   37,056980   -8,059860     47,47
 2059   39,337220   -8,059440     38,54
 2060   39,371940   -8,058890     40,32
 2061   38,479040   -8,058320     56,28
 2062   38,806110   -8,058060     40,32
 2063   39,503610   -8,058060     46,74
 2064   38,865000   -8,056670     37,01
 2068   38,321530   -8,053940     56,27
 2069   39,115000   -8,053610     31,15
 2070   37,444380   -8,052940     69,40
 2071   37,699030   -8,051520     60,05
 2072   39,781950   -8,051380     52,63
 2073   38,923330   -8,051110     34,46
 2077   37,244690   -8,048100     62,82
 2078   38,609170   -8,047780     52,09
 2079   39,936670   -8,046390     51,80
 2082   38,249280   -8,043130     54,88
 2084   39,005560   -8,042500     32,24
 2085   37,748820   -8,042220     57,45
 2086   39,848330   -8,041670     52,43
 2087   38,641110   -8,041110     50,64
 2091   39,424170   -8,039170     43,20
 2094   38,289030   -8,037710     55,85
 2096   39,188060   -8,036940     33,18
 2098   37,482520   -8,035840     68,71
 2099   38,023670   -8,035780     50,46
 2100   38,778610   -8,035280     42,76
 2102   39,626110   -8,033060     50,71
 2105   37,966740   -8,030680     50,61
 2107   37,208090   -8,029110     59,92
 2108   37,391090   -8,027270     68,59
 2109   38,133000   -8,026800     52,17
 2110   37,188790   -8,026670     58,41
 2111   37,691600   -8,026000     60,39
 2113   37,528500   -8,024390     67,52
 2115   38,191860   -8,024070     53,63
 2116   37,138050   -8,024060     54,23
 2117   39,572220   -8,023610     49,17
 2118   37,792500   -8,023330     55,45
 2120   39,480530   -8,021870     45,82
 2124   38,413400   -8,019630     57,37
 2126   37,887960   -8,018350     52,08
 2129   37,630000   -8,017500     63,46
 2131   37,287720   -8,016230     64,82
 2132   37,775740   -8,013620     56,25
 2133   39,056670   -8,013610     32,75
 2134   39,719720   -8,013610     51,94
 2137   37,590000   -8,012500     65,22
 2139   37,413880   -8,012310     68,63
 2140   39,905560   -8,012220     52,13
 2141   39,333610   -8,011670     39,34
 2143   38,511390   -8,010830     56,19
 2144   38,896110   -8,010830     37,25
 2147   39,248610   -8,008890     35,99
 2151   37,307580   -8,005800     65,65
 2152   37,236550   -8,005730     61,63
 2156   39,295280   -8,004170     37,87
 2158   37,176430   -8,002480     57,19
 2160   37,039680   -8,001630     45,80
 2161   37,106930   -8,001400     51,45
 2162   39,408060   -8,001390     42,77
 2164   38,486390   -8,000830     56,80
 2165   38,100360   -7,999740     51,80
 2167   38,232170   -7,997990     54,86
 2169   37,454260   -7,997670     68,50
 2170   38,139420   -7,997320     52,61
 2172   39,965280   -7,996110     52,02
 2174   37,924090   -7,995870     51,53
 2175   38,761390   -7,995560     44,88
 2177   37,540790   -7,994590     66,88
 2178   38,445930   -7,994570     57,37
 2180   38,838890   -7,994170     40,62
 2181   37,956310   -7,993600     51,12
 2184   39,791670   -7,991110     52,01
 2185   38,955560   -7,990830     35,68
 2188   37,190930   -7,989270     58,22
 2189   38,271980   -7,989070     55,84
 2190   38,552500   -7,988890     55,20
 2191   39,549720   -7,988890     48,13
 2192   37,386130   -7,988480     67,96
 2193   37,689910   -7,988070     60,50
 2198   38,307170   -7,986260     56,56
 2199   38,581110   -7,986110     54,21
 2201   38,668060   -7,984720     50,26
 2203   39,110280   -7,984440     33,85
 2206   38,214530   -7,982990     54,51
 2207   37,433670   -7,982660     68,38
 2208   37,141880   -7,982590     54,32
 2209   38,016110   -7,982500     51,04
 2214   38,380560   -7,980040     57,48
 2215   37,411200   -7,979900     68,22
 2216   37,806950   -7,979430     55,14
 2219   39,637220   -7,979170     50,15
 2221   39,597500   -7,978610     49,29
 2223   39,837500   -7,977780     51,90
 2224   39,195560   -7,977780     35,33
 2228   37,377050   -7,975850     67,65
 2229   39,507500   -7,975830     46,63
 2233   39,740560   -7,973330     51,38
 2234   39,894440   -7,972780     51,92
 2235   38,609440   -7,971390     53,18
 2236   38,800280   -7,971110     43,31
 2240   39,683610   -7,968610     50,67
 2241   38,916110   -7,968330     37,87
 2245   39,466940   -7,966390     45,15
 2246   37,214950   -7,966310     59,86
 2247   39,372220   -7,965830     41,54
 2248   37,251910   -7,964370     62,28
 2249   37,356460   -7,964320     67,04
 2250   37,103840   -7,964200     51,22
 2251   37,341030   -7,964160     66,55
 2253   37,318610   -7,963680     65,71
 2254   39,940560   -7,962780     51,93
 2257   39,065000   -7,962500     34,64
 2258   37,650280   -7,962500     62,45
 2260   37,231600   -7,961730     60,98
 2262   37,844830   -7,961290     53,91
 2263   37,541450   -7,961260     66,69
 2265   38,326950   -7,960960     56,91
 2267   37,057150   -7,960270     47,43
 2269   39,005000   -7,959720     35,52
 2271   39,238890   -7,959440     36,96
 2274   38,176500   -7,956650     53,71
 2276   39,146940   -7,956390     35,12
 2279   37,608610   -7,955560     64,29
 2283   37,901940   -7,952500     52,43
 2285   37,036120   -7,951000     45,85
 2290   38,122450   -7,949210     52,59
 2293   37,867760   -7,945620     53,36
 2294   39,284720   -7,945560     38,63
 2295   37,071390   -7,944440     48,71
 2296   37,703390   -7,942980     60,04
 2299   38,194640   -7,942210     54,17
 2302   38,152610   -7,941430     53,23
 2303   38,399670   -7,940900     57,48
 2304   38,479700   -7,940900     56,98
 2305   38,854720   -7,940000     41,32
 2308   37,240490   -7,938910     61,52
 2309   38,902220   -7,938890     39,30
 2310   37,567500   -7,938890     65,85
 2312   39,711390   -7,938060     50,22
 2315   37,355080   -7,937890     66,87
 2319   39,502780   -7,935830     46,02
 2320   39,552780   -7,935280     47,37
 2322   39,622220   -7,933890     48,83
 2323   38,288780   -7,933400     56,19
 2325   37,150820   -7,931940     55,15
 2326   39,466390   -7,931940     44,86
 2327   38,961390   -7,931940     37,47
 2329   39,426390   -7,931390     43,56
 2330   38,627780   -7,931390     52,60
 2331   39,752090   -7,930940     50,39
 2332   37,876780   -7,929270     53,29
 2335   37,738610   -7,928610     58,51
 2336   39,192500   -7,928060     36,63
 2338   39,782780   -7,927220     50,51
 2341   37,200360   -7,925590     58,87
 2342   39,848610   -7,925560     50,90
 2344   38,425400   -7,925230     57,36
 2345   37,444900   -7,924350     68,10
 2347   38,514180   -7,923090     56,26
 2349   39,658330   -7,922220     49,09
 2350   38,664170   -7,922220     51,01
 2353   37,837220   -7,920830     54,59
 2355   39,092220   -7,920280     35,92
 2356   39,379720   -7,919440     42,00
 2359   37,530280   -7,917500     66,97
 2361   39,157500   -7,915280     36,43
 2362   37,304750   -7,914780     65,00
 2363   37,139170   -7,914720     54,38
 2365   37,791670   -7,913330     56,37
 2367   38,714170   -7,912500     48,68
 2369   39,916280   -7,911590     51,08
 2370   37,266340   -7,910900     63,09
 2371   38,569120   -7,909030     54,71
 2372   37,175480   -7,908900     57,18
 2373   38,353030   -7,908620     56,95
 2375   38,248140   -7,907540     55,27
 2376   38,782190   -7,907120     45,39
 2377   37,094820   -7,906990     51,00
 2378   37,473080   -7,906460     67,97
 2381   37,670830   -7,903060     61,82
 2383   37,924590   -7,901990     52,52
 2385   37,557550   -7,901760     66,27
 2386   39,316110   -7,898890     40,15
 2388   38,863060   -7,898610     41,82
 2390   37,947420   -7,897310     52,22
 2391   39,951390   -7,896940     51,16
 2392   37,999640   -7,896700     51,81
 2394   39,993330   -7,896110     51,72
 2395   37,393920   -7,896090     67,73
 2396   39,020000   -7,895280     37,23
 2399   37,430380   -7,893580     68,10
 2403   38,745280   -7,889720     47,32
 2405   39,256110   -7,888890     38,73
 2406   38,166720   -7,888400     53,54
 2407   37,150380   -7,888350     55,53
 2408   38,601390   -7,888060     53,49
 2410   37,716890   -7,886280     59,89
 2413   37,615560   -7,885280     64,31
 2414   37,274940   -7,884830     63,68
 2415   37,743890   -7,884720     58,70
 2416   38,434430   -7,884480     56,87
 2419   39,068610   -7,882500     37,04
 2420   38,122110   -7,882350     52,76
 2421   39,592780   -7,881940     46,82
 2423   39,876940   -7,881670     49,91
 2425   39,819170   -7,880560     49,30
 2426   39,449440   -7,878330     43,74
 2428   39,516390   -7,877780     45,27
 2430   38,472290   -7,877170     56,44
 2431   38,904720   -7,876940     40,62
 2432   38,692780   -7,876390     49,75
 2433   37,937470   -7,875800     52,57
 2434   39,106110   -7,874170     37,14
 2436   38,057860   -7,873980     52,07
 2438   37,969680   -7,873760     52,19
 2439   38,638330   -7,872780     52,00
 2440   39,644170   -7,872500     47,24
 2441   38,808750   -7,872340     44,52
 2443   37,918120   -7,870360     52,97
 2445   37,055680   -7,869600     48,62
 2449   37,408340   -7,867670     68,05
 2450   39,222500   -7,867500     38,38
 2451   37,359260   -7,867240     67,13
 2453   39,168330   -7,866110     37,66
 2454   37,879930   -7,864660     53,93
 2456   38,242500   -7,863590     54,82
 2458   37,277720   -7,862320     64,01
 2459   37,242110   -7,862190     62,06
 2461   38,325560   -7,861450     56,06
 2463   39,435000   -7,860560     43,15
 2466   39,722220   -7,860000     47,59
 2467   37,837690   -7,859450     55,28
 2468   37,201480   -7,859100     59,54
 2469   38,818540   -7,858920     44,21
 2470   37,857030   -7,858670     54,66
 2471   37,716920   -7,858110     60,20
 2472   38,406670   -7,857590     56,49
 2473   39,333060   -7,857500     40,75
 2477   38,196970   -7,855400     53,93
 2478   39,543610   -7,854170     45,15
 2479   37,815900   -7,853050     56,13
 2480   39,299720   -7,852780     40,03
 2481   37,791720   -7,852070     57,08
 2482   39,980560   -7,851940     50,64
 2483   38,963890   -7,851940     39,34
 2484   37,482960   -7,851260     68,14
 2485   38,564850   -7,850590     54,17
 2487   37,346540   -7,849910     66,90
 2488   37,584350   -7,848500     65,79
 2490   37,155170   -7,847780     56,48
 2492   39,684440   -7,847220     46,68
 2493   38,939440   -7,846390     40,06
 2494   38,284310   -7,844450     55,26
 2496   37,303800   -7,843580     65,41
 2497   38,998890   -7,843330     38,77
 2498   38,526710   -7,842920     54,94
 2500   37,029710   -7,842620     47,31
 2501   37,418530   -7,841170     68,34
 2502   39,365000   -7,840830     41,42
 2504   37,916930   -7,839690     53,32
 2507   38,206340   -7,838650     53,94
 2508   37,666940   -7,837500     62,66
 2509   38,831600   -7,837480     43,82
 2511   37,900060   -7,836750     53,73
 2513   38,861390   -7,836670     42,70
 2515   37,970610   -7,834850     52,50
 2516   38,149500   -7,834650     53,03
 2517   38,362450   -7,834500     55,90
 2519   37,849030   -7,832060     55,24
 2521   38,740000   -7,831390     47,55
 2522   37,101380   -7,831190     52,84
 2523   39,908610   -7,830560     48,61
 2524   37,509720   -7,830000     67,94
 2525   39,190280   -7,829440     38,49
 2526   38,589440   -7,828610     53,08
 2531   39,046390   -7,825280     38,45
 2532   39,831670   -7,825000     47,21
 2535   38,773610   -7,823610     46,15
 2536   38,429260   -7,822480     55,69
 2538   39,411390   -7,820560     42,11
 2539   38,640280   -7,820000     51,28
 2540   38,094750   -7,819310     52,39
 2542   39,147220   -7,819170     38,33
 2543   37,797850   -7,819140     57,27
 2544   39,031110   -7,818610     38,73
 2546   37,332980   -7,816730     66,82
 2547   37,377900   -7,816530     68,02
 2548   37,080450   -7,815360     51,65
 2549   39,515560   -7,815280     43,58
 2550   39,236670   -7,815280     39,20
 2551   37,254440   -7,814440     63,39
 2552   37,141940   -7,812780     56,20
 2553   37,290830   -7,812780     65,22
 2556   39,647220   -7,811110     44,77
 2558   37,595830   -7,810560     65,82
 2559   38,827050   -7,809780     44,07
 2561   37,719210   -7,808040     60,76
 2562   37,877150   -7,807570     54,68
 2563   39,931110   -7,807500     48,18
 2564   38,562260   -7,806830     53,35
 2565   38,125530   -7,806090     52,60
 2568   37,922530   -7,803160     53,57
 2570   37,410340   -7,802010     68,68
 2572   38,681940   -7,801110     49,49
 2573   38,302760   -7,800420     54,68
 2574   37,774750   -7,799820     58,48
 2575   37,815410   -7,799540     56,87
 2576   37,546110   -7,799440     67,49
 2578   39,742220   -7,798890     44,97
 2579   39,683610   -7,798890     44,49
 2580   39,390280   -7,798890     41,47
 2581   38,208800   -7,798260     53,50
 2582   37,964500   -7,798000     52,86
 2583   38,717500   -7,797500     48,13
 2584   37,794440   -7,796940     57,72
 2585   38,515040   -7,796560     54,08
 2586   39,551940   -7,795830     43,32
 2587   37,650560   -7,795280     63,91
 2588   37,745100   -7,795140     59,81
 2591   37,992450   -7,794150     52,54
 2592   39,954170   -7,793890     48,19
 2593   38,901390   -7,793060     41,71
 2594   39,123060   -7,792500     38,65
 2598   37,612880   -7,790450     65,46
 2600   39,294720   -7,789720     40,07
 2601   38,392560   -7,788970     54,90
 2602   37,154300   -7,788930     57,58
 2603   37,084550   -7,788280     52,61
 2604   39,086670   -7,788060     38,76
 2606   37,200560   -7,786670     60,71
 2610   37,835240   -7,785590     56,33
 2611   37,435300   -7,784380     69,06
 2615   37,941140   -7,783660     53,38
 2616   38,745560   -7,781940     46,90
 2617   38,179170   -7,781060     52,92
 2618   39,870280   -7,779440     45,70
 2619   39,459720   -7,779440     41,95
 2622   37,895990   -7,776610     54,51
 2623   37,869430   -7,776440     55,30
 2624   38,477070   -7,775720     54,03
 2625   39,316390   -7,775000     40,29
 2627   38,334010   -7,772530     54,27
 2629   39,596940   -7,771670     42,67
 2630   38,981940   -7,771670     40,05
 2631   39,179720   -7,771110     39,06
 2632   37,579470   -7,770830     66,91
 2635   37,983370   -7,767780     52,80
 2636   37,058060   -7,767490     51,26
 2637   37,754810   -7,766160     59,83
 2640   37,559060   -7,764040     67,62
 2641   37,790490   -7,763620     58,37
 2642   37,723390   -7,763100     61,25
 2645   38,271450   -7,760280     53,51
 2647   39,209440   -7,759720     39,31
 2648   38,594170   -7,758890     51,26
 2649   37,431260   -7,758300     69,41
 2650   38,928610   -7,758060     41,17
 2651   37,153320   -7,758020     58,22
 2652   37,950990   -7,757890     53,41
 2654   37,500940   -7,757010     69,00
 2655   38,561510   -7,756660     51,98
 2658   37,299410   -7,752750     66,55
 2660   37,617800   -7,751370     65,86
 2662   38,457720   -7,750750     53,43
 2663   39,380000   -7,750560     40,66
 2664   38,002250   -7,750120     52,64
 2665   39,075280   -7,749170     39,25
 2666   39,890830   -7,749170     44,61
 2667   38,055670   -7,748620     52,21
 2670   38,144110   -7,748140     52,28
 2671   38,883060   -7,747500     42,27
 2672   38,115470   -7,747030     52,16
 2673   39,975560   -7,746940     46,85
 2674   39,463610   -7,746670     41,10
 2675   37,449500   -7,746230     69,60
 2679   38,227950   -7,743250     52,78
 2680   39,656940   -7,742780     41,53
 2682   38,498590   -7,742300     52,66
 2683   37,836160   -7,740580     56,93
 2684   39,233060   -7,739440     39,53
 2686   37,404300   -7,738560     69,52
 2688   37,980780   -7,736780     53,02
 2689   37,910850   -7,736560     54,55
 2690   39,276670   -7,736110     39,79
 2691   37,859350   -7,736080     56,16
 2692   37,275240   -7,735940     65,82
 2695   37,801260   -7,735460     58,36
 2696   39,350280   -7,735280     40,25
 2698   38,386620   -7,734390     53,25
 2699   37,584190   -7,733650     67,33
 2700   37,565280   -7,733340     67,91
 2704   37,220000   -7,730560     63,06
 2705   39,136390   -7,730000     39,26
 2706   38,644440   -7,730000     49,06
 2707   38,183700   -7,729810     52,25
 2708   39,010560   -7,729720     39,93
 2709   37,149310   -7,729680     58,64
 2712   38,689170   -7,726390     47,68
 2713   37,777030   -7,725860     59,52
 2715   37,078700   -7,724990     53,88
 2717   38,086890   -7,722000     52,02
 2721   37,513910   -7,719620     69,36
 2723   37,899660   -7,718700     55,07
 2724   38,730000   -7,718610     46,28
 2726   39,869720   -7,716390     42,35
 2727   38,423700   -7,716130     52,48
 2728   38,332650   -7,715780     52,64
 2729   37,450670   -7,714920     70,09
 2730   37,626300   -7,714800     66,14
 2731   37,951960   -7,714680     53,73
 2732   37,127000   -7,714660     57,51
 2733   38,765760   -7,713830     45,15
 2737   37,088660   -7,709500     54,99
 2738   39,522500   -7,709440     39,95
 2739   37,361620   -7,709140     69,29
 2740   37,738610   -7,709080     61,47
 2741   39,742500   -7,708890     40,05
 2743   37,856260   -7,708010     56,65
 2744   37,720000   -7,707290     62,33
 2745   39,449720   -7,707220     39,97
 2746   37,969310   -7,707140     53,41
 2747   37,243810   -7,706500     64,87
 2748   39,623610   -7,706110     39,61
 2749   38,558870   -7,705680     50,29
 2750   37,833060   -7,705070     57,56
 2752   38,979720   -7,704440     40,38
 2753   39,568610   -7,704170     39,62
 2754   39,093330   -7,704170     39,48
 2756   38,307720   -7,702750     52,20
 2758   37,294440   -7,702500     67,29
 2759   37,580230   -7,702190     67,97
 2760   37,887490   -7,701370     55,66
 2761   37,498730   -7,701120     69,91
 2762   38,013530   -7,701050     52,65
 2763   37,926240   -7,700550     54,50
 2764   37,207690   -7,700410     63,01
 2765   39,679170   -7,700280     39,29
 2766   37,659550   -7,700090     65,06
 2768   39,188890   -7,698610     39,44
 2769   38,242750   -7,697780     51,89
 2772   38,781470   -7,696050     44,37
 2774   38,837160   -7,694160     42,95
 2775   37,470510   -7,693970     70,33
 2776   37,171150   -7,693420     60,95
 2777   37,807650   -7,693330     58,76
 2778   37,236530   -7,693000     64,78
 2779   38,060080   -7,692730     52,09
 2780   37,534270   -7,691850     69,39
 2784   37,701690   -7,690190     63,43
 2789   38,931110   -7,686670     41,03
 2790   37,337710   -7,686660     69,07
 2791   37,782590   -7,685610     59,94
 2792   38,649720   -7,685280     47,50
 2793   39,975560   -7,685280     43,86
 2794   37,986090   -7,685010     53,19
 2795   37,441070   -7,684750     70,59
 2797   37,616780   -7,683810     67,03
 2799   39,422780   -7,683060     39,39
 2802   37,198690   -7,679540     62,96
 2803   37,101770   -7,678400     56,72
 2804   39,061390   -7,678060     39,70
 2805   38,457950   -7,677960     50,73
 2807   37,511910   -7,677780     70,08
 2809   38,757220   -7,677500     44,57
 2810   38,719440   -7,677500     45,51
 2811   39,760830   -7,677220     38,31
 2812   39,648130   -7,676960     38,03
 2813   39,236670   -7,676670     39,48
 2815   38,802550   -7,676200     43,45
 2816   38,284340   -7,676000     51,40
 2817   37,156910   -7,675770     60,46
 2819   39,730830   -7,675000     37,98
 2820   37,968820   -7,673350     53,64
 2821   37,562800   -7,673050     68,98
 2823   38,614440   -7,672500     47,87
 2826   38,864970   -7,671860     42,05
 2827   37,730150   -7,671710     62,49
 2828   37,130410   -7,671710     58,83
 2829   38,387980   -7,671380     51,02
 2831   37,674380   -7,670710     64,95
 2832   39,347220   -7,670000     39,35
 2833   37,774770   -7,669930     60,55
 2835   37,868230   -7,669360     56,74
 2837   37,526100   -7,668980     69,95
 2839   37,314720   -7,667780     68,70
 2841   39,005000   -7,667500     40,08
 2843   37,844290   -7,667380     57,68
 2845   37,116010   -7,666880     57,99
 2846   37,638340   -7,666530     66,51
 2848   39,296940   -7,666110     39,40
 2849   37,915530   -7,665090     55,18
 2851   39,618190   -7,664010     37,47
 2852   37,755450   -7,663760     61,51
 2855   39,145560   -7,663330     39,49
 2858   38,153840   -7,661470     51,23
 2861   39,923610   -7,661110     40,64
 2868   37,581010   -7,659070     68,68
 2869   39,821670   -7,658890     37,94
 2872   37,247400   -7,657100     66,08
 2873   37,445550   -7,656960     71,05
 2875   39,565980   -7,656260     37,48
 2879   38,171530   -7,655470     51,07
 2880   37,810870   -7,655320     59,23
 2882   38,504340   -7,655130     49,20
 2886   39,527330   -7,653860     37,73
 2888   37,732280   -7,653260     62,72
 2889   38,961940   -7,653060     40,43
 2890   38,121450   -7,652610     51,32
 2892   38,583960   -7,651920     47,70
 2894   38,451450   -7,651240     49,71
 2901   37,551680   -7,649520     69,68
 2903   39,105830   -7,649440     39,56
 2904   38,317730   -7,648380     50,50
 2905   38,539120   -7,647930     48,35
 2907   37,598080   -7,647040     68,33
 2910   38,888580   -7,646270     41,30
 2913   37,676290   -7,644570     65,34
 2919   39,263610   -7,643060     39,29
 2924   38,704440   -7,641110     44,73
 2925   38,834750   -7,640010     42,08
 2927   39,459170   -7,639170     37,90
 2929   37,764430   -7,637490     61,56
 2931   37,373860   -7,637290     70,77
 2933   37,518340   -7,636650     70,64
 2935   39,893330   -7,635280     38,12
 2938   39,701110   -7,634440     35,50
 2939   39,369440   -7,634170     38,63
 2941   37,453540   -7,633380     71,42
 2944   37,835890   -7,631680     58,56
 2946   38,934720   -7,631110     40,54
 2954   37,946490   -7,628750     54,59
 2957   38,100420   -7,627530     51,33
 2958   37,862250   -7,626970     57,56
 2961   39,439070   -7,624880     37,71
 2962   37,618400   -7,624770     68,00
 2964   37,650770   -7,624290     66,76
 2968   37,564840   -7,623740     69,76
 2969   38,349870   -7,623650     49,48
 2974   37,697890   -7,621960     64,81
 2980   38,157530   -7,619970     50,62
 2981   39,028610   -7,619170     39,78
 2982   38,608610   -7,618610     45,84
 2986   37,731500   -7,616810     63,40
 2989   37,580630   -7,615690     69,43
 2990   37,960730   -7,615590     54,27
 2991   37,810050   -7,615550     59,91
 2994   37,531560   -7,614270     70,74
 2995   38,730560   -7,613330     43,28
 2996   38,227890   -7,612600     49,92
 2998   38,483060   -7,612230     47,65
 3004   37,886400   -7,609910     56,86
 3005   38,872220   -7,609720     40,94
 3006   39,601670   -7,609720     34,88
 3007   38,432260   -7,609710     48,18
 3009   38,286500   -7,607990     49,39
 3010   37,308730   -7,606830     69,57
 3011   37,788260   -7,606780     61,02
 3014   37,263630   -7,606490     67,80
 3015   38,198580   -7,605960     50,02
 3017   38,037200   -7,604750     52,35
 3018   39,319170   -7,604720     38,59
 3019   38,514680   -7,604540     46,85
 3022   39,265000   -7,603330     38,97
 3024   39,093610   -7,602500     39,52
 3028   38,646940   -7,600830     44,39
 3030   37,375860   -7,599530     71,40
 3031   39,986110   -7,599440     39,48
 3033   37,191740   -7,598640     64,27
 3035   37,762430   -7,598160     62,34
 3038   39,789170   -7,596390     33,53
 3039   37,721200   -7,596360     64,23
 3042   37,535270   -7,594570     70,97
 3045   37,447870   -7,593400     72,04
 3047   38,984170   -7,592220     39,79
 3051   39,153330   -7,590830     39,36
 3055   38,843740   -7,586860     40,80
 3060   39,518890   -7,584440     35,11
 3061   37,607190   -7,584170     69,08
 3063   37,513420   -7,582900     71,57
 3064   37,777690   -7,582710     61,91
 3065   37,227510   -7,582260     66,50
 3066   38,157610   -7,582250     50,10
 3067   39,663060   -7,581940     32,71
 3068   37,965140   -7,581170     54,41
 3069   37,358080   -7,581090     71,33
 3072   39,048610   -7,580560     39,51
 3074   39,746670   -7,580000     32,24
 3075   38,287340   -7,579460     48,54
 3080   37,578400   -7,577350     70,12
 3087   39,237780   -7,574170     38,92
 3092   39,558330   -7,572780     33,88
 3093   39,881670   -7,572220     33,79
 3096   38,068030   -7,570970     51,64
 3097   37,485800   -7,570590     72,13
 3098   38,112420   -7,569660     50,72
 3100   37,713530   -7,569400     65,05
 3103   37,858390   -7,568520     58,58
 3105   38,835350   -7,566790     40,41
 3106   38,027890   -7,566580     52,64
 3107   37,834900   -7,565690     59,64
 3108   38,926110   -7,565280     39,73
 3109   38,483230   -7,564310     45,53
 3110   38,343560   -7,564260     47,41
 3111   37,749450   -7,563550     63,53
 3112   38,578010   -7,562970     43,96
 3113   37,677350   -7,562650     66,74
 3117   39,130560   -7,561940     39,29
 3119   37,879930   -7,561690     57,78
 3123   37,644730   -7,560010     68,10
 3124   39,476390   -7,559720     35,12
 3125   38,396480   -7,559280     46,55
 3127   38,507200   -7,557470     44,86
 3130   37,312220   -7,556390     70,42
 3133   37,703890   -7,554380     65,74
 3134   38,960000   -7,554170     39,45
 3136   38,264340   -7,553960     48,10
 3139   38,605900   -7,552640     43,05
 3140   37,768980   -7,552310     62,84
 3141   38,650000   -7,551110     42,28
 3142   37,482580   -7,549990     72,44
 3143   39,380830   -7,549440     36,83
 3149   37,201440   -7,548880     65,65
 3150   37,580990   -7,548740     70,48
 3152   37,463730   -7,547320     72,61
 3155   39,935560   -7,543610     33,83
 3156   39,186390   -7,543610     39,02
 3157   37,732890   -7,543140     64,64
 3159   38,736940   -7,541670     40,70
 3162   37,356280   -7,541060     71,79
 3164   38,218310   -7,539770     48,47
 3166   39,015280   -7,539440     39,22
 3167   39,706940   -7,539440     29,94
 3171   37,432450   -7,538580     72,75
 3173   39,649440   -7,538330     30,56
 3176   37,853080   -7,537540     59,28
 3181   39,778890   -7,535280     29,63
 3182   37,807560   -7,534660     61,38
 3183   37,621480   -7,534250     69,38
 3189   39,746940   -7,532780     29,39
 3191   38,423360   -7,532380     45,08
 3192   37,537190   -7,532080     71,83
 3193   38,785000   -7,531940     39,88
 3194   38,138970   -7,531550     49,86
 3195   38,897780   -7,531110     39,22
 3198   39,923060   -7,530830     32,53
 3203   39,510280   -7,527500     33,23
 3204   37,370670   -7,527410     72,22
 3207   37,900400   -7,526720     57,42
 3209   39,093060   -7,526670     39,14
 3210   37,556040   -7,525660     71,48
 3212   37,993170   -7,524910     53,91
 3213   39,683060   -7,524440     29,35
 3219   38,826100   -7,523530     39,34
 3221   37,749710   -7,523300     64,22
 3226   38,102420   -7,519520     50,66
 3231   37,307940   -7,518480     70,70
 3234   37,355440   -7,517540     72,01
 3235   37,246720   -7,516880     68,30
 3240   39,860830   -7,514170     29,53
 3242   39,063890   -7,513890     39,03
 3243   39,333150   -7,513430     37,13
 3246   37,392350   -7,511100     72,71
 3247   38,189610   -7,510570     48,52
 3250   38,526430   -7,509780     42,42
 3253   39,545830   -7,509170     31,60
 3254   39,367500   -7,508890     36,36
 3255   37,969360   -7,508520     54,91
 3257   37,438940   -7,507930     73,07
 3263   39,479170   -7,506110     33,40
 3266   37,465150   -7,505460     73,05
 3274   37,626170   -7,501270     69,70
 3276   38,361780   -7,501110     44,94
 3277   38,700000   -7,501110     39,59
 3280   37,490990   -7,499930     72,91
 3281   39,706390   -7,499720     27,74
 3282   37,857510   -7,499620     59,69
 3286   38,483560   -7,498890     42,67
 3287   37,340830   -7,498870     71,81
 3290   38,568620   -7,498110     41,22
 3291   39,944440   -7,497780     31,31
 3294   39,209440   -7,496670     38,60
 3295   38,070330   -7,496240     51,53
 3296   39,978890   -7,496110     32,81
 3297   37,711640   -7,495490     66,40
 3302   37,264470   -7,494700     69,26
 3303   38,943890   -7,494440     38,54
 3304   39,866940   -7,493890     28,41
 3312   37,323710   -7,491120     71,39
 3318   37,501090   -7,487350     72,92
 3321   37,657040   -7,485540     68,80
 3323   39,161390   -7,485000     38,79
 3324   38,751670   -7,483890     38,52
 3326   38,263560   -7,482040     46,38
 3329   37,881820   -7,481670     58,89
 3331   38,420450   -7,481160     43,11
 3333   39,803060   -7,480560     26,51
 3334   37,210370   -7,480470     66,81
 3335   37,458960   -7,480420     73,28
 3339   38,022020   -7,479100     53,23
 3340   38,308360   -7,478950     45,32
 3341   39,508890   -7,478610     31,67
 3342   39,097220   -7,477780     38,80
 3343   38,548320   -7,477640     40,66
 3345   38,614170   -7,475560     39,57
 3346   38,979440   -7,475560     38,37
 3347   38,460980   -7,474830     42,09
 3348   39,069720   -7,474720     38,72
 3349   37,748960   -7,473790     65,11
 3353   37,386400   -7,472350     72,87
 3357   37,471680   -7,471350     73,29
 3359   37,255140   -7,468940     68,99
 3361   37,287160   -7,468600     70,28
 3366   39,674440   -7,466110     26,51
 3372   39,013890   -7,463890     38,38
 3373   38,830000   -7,463890     37,66
 3375   39,405280   -7,462500     34,56
 3377   38,806490   -7,461430     37,59
 3378   39,998060   -7,461110     31,66
 3381   38,177590   -7,459020     48,22
 3383   37,716280   -7,458670     66,79
 3384   39,197740   -7,458230     38,44
 3385   38,661390   -7,457780     38,27
 3389   39,907220   -7,456670     27,33
 3393   37,243490   -7,454840     68,51
 3398   39,465280   -7,453330     32,43
 3401   38,376590   -7,452660     43,04
 3403   37,894610   -7,451660     58,80
 3406   37,815340   -7,449160     62,49
 3407   37,741460   -7,447970     65,87
 3408   38,143330   -7,447910     49,19
 3410   37,225860   -7,446900     67,69
 3413   37,282000   -7,445860     70,13
 3415   39,296390   -7,444490     37,05
 3417   38,344500   -7,443530     43,52
 3418   37,355400   -7,443210     72,37
 3421   38,292890   -7,442620     44,81
 3424   39,258610   -7,440830     37,66
 3428   39,054400   -7,437680     38,32
 3431   37,759430   -7,435540     65,28
 3432   37,887250   -7,435320     59,41
 3433   39,370830   -7,435000     35,13
 3436   39,149440   -7,432780     38,50
 3438   39,102500   -7,432220     38,47
 3439   37,989530   -7,431660     54,96
 3443   39,334720   -7,431390     36,06
 3444   38,873610   -7,431390     36,94
 3449   37,777660   -7,429410     64,57
 3450   39,694440   -7,427500     24,30
 3452   39,733330   -7,425830     23,62
 3454   38,413890   -7,425350     41,29
 3460   39,998060   -7,423610     29,42
 3461   38,316140   -7,419890     43,68
 3462   38,781760   -7,419840     36,30
 3463   39,832220   -7,419170     23,34
 3468   39,949720   -7,416110     26,58
 3471   39,017220   -7,415280     37,82
 3473   39,930830   -7,414720     25,71
 3474   39,232780   -7,414720     37,84
 3475   39,504720   -7,414440     30,03
 3477   37,839060   -7,413060     62,04
 3479   38,574360   -7,411980     37,54
 3480   37,801520   -7,411410     63,80
 3481   38,826970   -7,411290     36,18
 3482   38,507310   -7,411240     38,72
 3483   39,764170   -7,411110     22,64
 3484   38,204560   -7,410680     46,98
 3485   38,758330   -7,410560     36,00
 3486   38,249860   -7,410200     45,49
 3488   38,065300   -7,408930     52,10
 3489   38,438030   -7,408600     40,16
 3495   38,961110   -7,403890     37,12
 3496   37,901010   -7,401050     59,38
 3497   38,701280   -7,400900     35,80
 3498   38,599090   -7,400150     36,73
 3499   38,474170   -7,399540     39,01
 3500   37,784610   -7,399530     64,77
 3502   38,635000   -7,397500     36,19
 3508   38,944440   -7,389440     36,70
 3510   38,288890   -7,388840     43,93
 3512   38,133810   -7,383900     49,52
 3513   38,973060   -7,383890     36,94
 3514   38,101470   -7,382010     50,83
 3516   38,240060   -7,380870     45,51
 3517   37,830290   -7,380530     63,04
 3518   39,220900   -7,380090     37,79
 3519   39,953060   -7,380000     24,68
 3521   38,015280   -7,379820     54,54
 3522   38,185590   -7,379180     47,51
 3525   38,073440   -7,377040     52,05
 3526   38,678330   -7,376940     35,08
 3527   37,953890   -7,373850     57,43
 3528   38,846540   -7,373410     35,32
 3530   39,448890   -7,370000     31,41
 3532   38,599720   -7,369720     35,60
 3533   37,878440   -7,369610     61,02
 3534   39,288890   -7,368610     36,63
 3536   38,563340   -7,366790     36,07
 3537   39,697780   -7,366110     21,64
 3540   39,038890   -7,364720     37,46
 3541   37,854970   -7,364030     62,22
 3542   38,512560   -7,363900     36,97
 3543   38,730560   -7,361940     34,42
 3545   37,801600   -7,361500     64,70
 3546   39,900000   -7,361110     21,69
 3550   38,821940   -7,359170     34,74
 3552   38,881110   -7,357500     35,31
 3555   38,344890   -7,354770     41,50
 3559   39,415830   -7,349440     32,49
 3560   39,362220   -7,346940     34,46
 3561   38,629170   -7,346940     34,46
 3562   38,384890   -7,346710     40,02
 3566   39,106110   -7,344440     37,86
 3567   39,073610   -7,344170     37,61
 3569   38,104720   -7,341320     51,06
 3572   39,782780   -7,336390     19,12
 3573   38,222660   -7,336370     45,98
 3575   37,977170   -7,332430     57,12
 3576   38,147700   -7,331870     49,23
 3578   38,477090   -7,331320     36,89
 3580   38,854410   -7,329280     34,35
 3583   39,238060   -7,324170     37,34
 3584   38,082580   -7,323680     52,30
 3585   39,835560   -7,322780     18,61
 3586   39,736670   -7,322780     19,17
 3587   39,998330   -7,322220     23,81
 3588   39,160830   -7,322220     37,89
 3589   38,424230   -7,320820     38,21
 3591   38,525650   -7,320150     35,38
 3593   38,292840   -7,316250     43,01
 3595   38,329860   -7,314080     41,51
 3598   39,210560   -7,311940     37,62
 3599   39,021390   -7,311940     36,68
 3600   38,771940   -7,310000     33,05
 3602   38,366390   -7,309600     40,05
 3603   38,751670   -7,308330     32,89
 3604   38,034560   -7,308210     54,86
 3607   37,919540   -7,305850     60,44
 3610   38,720830   -7,301670     32,62
 3611   39,954440   -7,300000     20,61
 3612   39,798890   -7,299440     17,57
 3613   37,880660   -7,298470     62,42
 3616   38,567840   -7,294480     33,81
 3617   38,958840   -7,293500     35,39
 3618   38,891940   -7,293060     34,17
 3621   39,698890   -7,292220     19,13
 3622   38,664170   -7,292220     32,51
 3623   38,262530   -7,290260     44,27
 3625   39,727780   -7,288060     18,21
 3626   38,810560   -7,288060     32,86
 3630   39,092090   -7,283410     37,36
 3631   38,620000   -7,283330     32,69
 3632   38,228140   -7,282910     45,89
 3636   38,174640   -7,281930     48,47
 3640   38,137360   -7,279150     50,34
 3642   39,276390   -7,277500     36,57
 3644   38,944170   -7,276390     34,86
 3645   38,861910   -7,274280     33,30
 3649   39,761940   -7,270000     16,96
 3652   39,138330   -7,266110     37,62
 3654   38,081970   -7,264200     53,41
 3655   38,022000   -7,263150     56,47
 3659   38,193170   -7,261010     47,81
 3660   38,216530   -7,260760     46,64
 3661   38,285110   -7,260480     43,29
 3664   38,781940   -7,258330     31,88
 3668   38,050200   -7,253370     55,28
 3674   39,932780   -7,250280     17,62
 3677   39,221940   -7,245000     37,37
 3678   39,675560   -7,244720     18,81
 3679   39,082500   -7,244440     37,01
 3683   38,738610   -7,239170     31,15
 3685   39,808890   -7,235560     15,38
 3687   39,968890   -7,235000     18,38
 3689   38,357480   -7,233550     39,93
 3694   38,168220   -7,229120     49,63
 3695   39,031940   -7,228610     36,07
 3698   39,191390   -7,225000     37,56
 3699   38,207690   -7,224780     47,59
 3701   38,915560   -7,224170     33,50
 3703   39,902220   -7,220830     15,67
 3704   38,319670   -7,220500     41,79
 3705   38,108310   -7,218230     53,11
 3706   38,255390   -7,217340     45,15
 3710   38,157690   -7,208820     50,64
 3714   39,736390   -7,202780     15,88
 3716   39,853060   -7,201390     14,39
 3717   38,997500   -7,199170     35,09
 3718   39,125830   -7,198060     37,30
 3721   39,157500   -7,193060     37,49
 3723   38,054140   -7,192890     56,74
 3724   39,091110   -7,188610     36,84
 3726   38,207110   -7,184260     48,43
 3731   39,687500   -7,180560     17,29
 3733   37,997330   -7,179890     60,11
 3735   38,953890   -7,179440     33,84
 3737   39,039170   -7,178610     35,84
 3738   39,927220   -7,178610     14,93
 3739   38,840280   -7,177220     31,24
 3742   38,779170   -7,172500     30,25
 3749   39,857220   -7,165830     13,50
 3750   39,801110   -7,165830     13,78
 3756   38,095610   -7,150230     55,84
 3758   39,952500   -7,147500     14,78
 3759   39,068890   -7,146940     36,25
 3760   39,146390   -7,146670     37,33
 3761   38,196140   -7,139510     50,25
 3762   38,000170   -7,138950     61,38
 3764   39,775000   -7,137500     13,80
 3765   38,057830   -7,135310     58,49
 3767   38,962220   -7,130560     33,57
 3768   38,172440   -7,129310     52,01
 3769   38,887550   -7,128700     31,63
 3771   38,082940   -7,120750     57,62
 3772   39,709170   -7,120560     15,80
 3774   38,913890   -7,111940     32,11
 3776   39,671110   -7,106110     17,47
 3778   39,993610   -7,101110     15,07
 3779   39,915830   -7,099440     12,72
 3780   39,943890   -7,098610     13,33
 3781   39,866940   -7,098060     12,22
 3782   38,068640   -7,096670     59,37
 3784   39,803330   -7,094170     12,69
 3785   38,822780   -7,092220     29,89
 3786   39,073330   -7,086940     36,03
 3789   38,862780   -7,070000     30,47
 3790   38,112220   -7,069970     57,94
 3794   38,050280   -7,063520     61,78
 3795   38,144890   -7,061670     56,27
 3797   38,884090   -7,056350     30,84
 3798   39,100560   -7,051110     36,39
 3800   39,050560   -7,047500     35,27
 3802   38,989720   -7,040830     33,59
 3803   39,734440   -7,040280     14,46
 3804   39,902500   -7,037220     11,60
 3805   39,023610   -7,036670     34,50
 3806   38,882850   -7,035350     30,64
 3807   38,023750   -7,035270     64,42
 3808   38,940280   -7,034720     32,14
 3811   39,677220   -7,026390     17,15
 3812   39,963330   -7,025560     12,54
 3813   39,760000   -7,024170     13,48
 3816   38,083280   -7,014410     62,15
 3817   38,169140   -7,010160     56,95
 3818   39,050280   -7,008330     35,00
 3820   39,905000   -6,998060     11,24
 3821   38,981670   -6,997500     33,02
 3823   38,151750   -6,983690     59,36
 3825   39,821390   -6,982780     11,73
 3830   38,129500   -6,976050     61,19
 3833   39,863890   -6,959440     11,08
 3834   39,988890   -6,958610     12,44
 3835   39,933890   -6,926670     11,08
 3836   39,906940   -6,923890     10,88
 3837   39,973060   -6,887780     11,53
