    1    35.10000   -11.30000  -2890.00     96.62     49.10     20.47
    1    35.10000   -11.10000  -4287.00     19.22     -8.61     -4.31
    1    35.12000   -11.10000  -4231.00     21.94     -6.27     -3.10
    1    35.10000   -10.90000  -4389.00     -3.20    -18.97    -18.91
    1    35.10000   -10.70000  -4465.00    -12.22    -25.47    -24.04
    1    35.12000   -10.70000  -4462.00     -9.79    -24.64    -22.94
    1    35.10000   -10.50000  -4448.00     -5.49    -22.36    -19.54
    1    35.10000   -10.30000  -4090.00      4.31    -16.71    -19.96
    1    35.10000   -10.10000  -4103.00      9.42    -12.51    -16.37
    1    35.12000   -10.10000  -4133.00     10.61    -12.03    -14.79
    1    35.10000    -9.90000  -4209.00     -1.46    -20.78    -19.56
    1    35.10000    -9.70000  -4267.00     -8.79    -23.61    -17.33
    1    35.12000    -9.70000  -4269.00     -7.15    -22.12    -14.90
    1    35.10000    -9.50000  -4231.00    -12.70    -21.89    -15.79
    1    35.12000    -9.50000  -4243.00    -12.05    -21.53    -14.38
    1    35.10000    -9.30000  -3818.00    -22.70    -23.93    -21.23
    1    35.10000    -9.10000  -3653.00    -39.09    -28.50    -24.01
    1    35.12000    -9.10000  -3644.00    -35.51    -25.80    -21.04
    1    35.10000    -8.90000  -3364.00    -47.75    -22.34    -22.45
    1    35.10000    -8.70000  -3008.00    -48.52     -9.44    -15.60
    1    35.12000    -8.70000  -2973.00    -50.38    -11.99    -18.50
    1    35.10000    -8.50000  -2784.00    -47.27      -.86     -9.19
    1    35.10000    -8.30000  -2591.00    -37.84      7.17      6.42
    1    35.10000    -8.10000  -2397.00    -28.21      9.36     15.45
    1    35.12000    -8.10000  -2442.00    -31.14      7.33     15.34
    1    35.10000    -7.90000  -2108.00    -27.21      3.25     11.62
    1    35.10000    -7.70000  -1510.00    -10.48     18.89     13.74
    1    35.12000    -7.70000  -1504.00    -11.03     19.48     14.16
    1    35.10000    -7.50000  -1305.00    -16.22     19.27     18.72
    1    35.10000    -7.30000  -1149.00    -22.86     22.23     23.03
    1    35.10000    -7.10000   -932.00    -33.90     18.95     19.16
    1    35.12000    -7.10000   -915.00    -34.59     18.77     17.10
    1    35.10000    -6.90000   -773.00    -46.86      9.17     13.59
    1    35.10000    -6.70000   -558.00    -50.00      6.17     12.65
    1    35.12000    -6.70000   -560.00    -55.45       .85      6.89
    1    35.10000    -6.50000   -168.00    -46.82     10.08      9.75
    1    35.10000    -6.30000    -50.00    -57.95      1.99      1.60
    1    35.10000    -6.10000     24.00    -34.56     28.32     29.13
    1    35.12000    -6.10000     16.00    -35.29     26.47     28.40
    1    35.10000    -5.90000     46.00    -13.54     47.13     53.87
    1    35.12000    -5.90000     29.00    -14.73     44.31     53.50
    1    35.10000    -5.70000    230.00     -5.53     44.29     47.22
    1    35.12000    -5.70000    294.00     -6.57     41.17     38.54
    1    35.10000    -5.50000    247.00     -6.54     25.19     64.62
    1    35.10000    -5.30000    448.00    -15.16     -2.75     46.34
    1    35.10000    -5.10000   1561.00    -21.53    -23.10    -90.18
    1    35.12000    -5.10000   1306.00    -22.28    -26.02    -73.64
    1    35.30000   -11.30000  -3601.00     49.75     23.94     27.14
    1    35.30000   -11.10000  -4057.00     30.21     12.90     12.40
    1    35.30000   -10.90000  -4353.00     19.96      4.50      1.49
    1    35.30000   -10.70000  -4355.00     18.66     -1.25     -5.17
    1    35.30000   -10.50000  -4283.00     19.96     -6.15     -6.64
    1    35.30000   -10.30000  -4240.00     23.82     -5.01     -6.48
    1    35.30000   -10.10000  -4051.00     33.01      7.14      1.47
    1    35.30000    -9.90000  -3661.00     47.87     28.76      9.84
    1    35.30000    -9.70000  -3747.00     40.47     28.32     15.74
    1    35.30000    -9.50000  -3713.00     20.36     13.49      6.63
    1    35.30000    -9.30000  -3521.00       .69     -1.19     -6.00
    1    35.30000    -9.10000  -3263.00    -18.79    -12.98    -16.61
    1    35.30000    -8.90000  -3051.00    -33.09    -15.56    -18.77
    1    35.30000    -8.70000  -2800.00    -40.91     -9.87    -17.68
    1    35.30000    -8.50000  -2560.00    -49.10     -7.24    -19.05
    1    35.30000    -8.30000  -2290.00    -44.54      2.22     -2.02
    1    35.30000    -8.10000  -2054.00    -50.05     -3.68     -6.76
    1    35.30000    -7.90000  -2025.00    -52.48     -7.70     -2.31
    1    35.30000    -7.70000  -1712.00    -44.47      1.77      3.43
    1    35.30000    -7.50000  -1360.00    -34.37     17.48     19.04
    1    35.30000    -7.30000  -1214.00    -50.82      8.05      9.32
    1    35.30000    -7.10000  -1041.00    -64.81     -1.54     -2.05
    1    35.30000    -6.90000   -769.00    -76.47    -13.34    -16.45
    1    35.30000    -6.70000   -471.00    -93.61    -33.54    -36.69
    1    35.30000    -6.50000   -255.00    -83.70    -26.30    -26.26
    1    35.30000    -6.30000   -108.00    -57.85     -1.23     -1.32
    1    35.30000    -6.10000     55.00    -32.28     23.24     20.58
    1    35.30000    -5.90000    107.00    -17.45     32.27     33.99
    1    35.30000    -5.70000    201.00    -11.55     25.00     37.35
    1    35.30000    -5.50000    854.00    -12.35      5.76     16.53
    1    35.30000    -5.30000   1373.00    -18.74    -17.93    -99.90
    1    35.30000    -5.10000    500.00    -12.95    -21.67    -40.64
    1    35.50000   -11.30000  -4907.00    -38.27    -16.84    -10.31
    1    35.50000   -11.10000  -4694.00    -25.22     -2.93     -1.80
    1    35.50000   -10.90000  -4398.00      5.45     21.26     16.53
    1    35.50000   -10.70000  -4503.00      1.04      4.45      4.79
    1    35.50000   -10.50000  -4205.00     21.55     12.21     12.71
    1    35.50000   -10.30000  -3945.00     27.40     11.08      9.34
    1    35.50000   -10.10000  -3905.00     31.86     17.00     15.08
    1    35.50000    -9.90000  -3903.00     35.64     28.38     23.54
    1    35.50000    -9.70000  -4184.00     19.55     20.89     22.88
    1    35.50000    -9.50000  -3811.00      1.48      8.30      6.39
    1    35.50000    -9.30000  -3610.00     -9.13      -.51     -2.20
    1    35.50000    -9.10000  -3328.00    -19.96    -10.58    -10.88
    1    35.50000    -8.90000  -2999.00    -28.46    -16.22    -18.55
    1    35.50000    -8.70000  -2753.00    -35.49    -17.11    -20.71
    1    35.50000    -8.50000  -2518.00    -38.93    -12.22    -15.36
    1    35.50000    -8.30000  -2105.00    -44.13     -8.67     -9.69
    1    35.50000    -8.10000  -1800.00    -49.01     -4.94     -5.45
    1    35.50000    -7.90000  -1561.00    -62.54     -9.28    -12.66
    1    35.50000    -7.70000  -1513.00    -71.31     -7.81     -7.83
    1    35.50000    -7.50000  -1384.00    -83.24     -9.77    -10.79
    1    35.50000    -7.30000  -1158.00    -90.64    -10.47    -11.38
    1    35.50000    -7.10000  -1097.00   -103.81    -22.75    -22.42
    1    35.50000    -6.90000   -918.00   -101.32    -25.02    -25.77
    1    35.50000    -6.70000   -669.00    -99.98    -30.95    -29.99
    1    35.50000    -6.50000   -336.00    -67.88     -4.77     -5.27
    1    35.50000    -6.30000   -105.00    -60.33      -.29     -3.34
    1    35.50000    -6.10000    -29.00    -48.11      9.59      9.21
    1    35.50000    -5.90000     30.00    -34.14     18.03     19.60
    1    35.50000    -5.70000    114.00    -29.66     11.73     13.69
    1    35.50000    -5.50000    271.00    -32.56     -4.87     -4.38
    1    35.50000    -5.30000    159.00    -32.10    -15.20    -10.62
    1    35.50000    -5.10000    -38.00    -16.38     -2.10     -3.82
    1    35.70000   -11.30000  -4875.00    -72.05     -9.54     -7.96
    1    35.70000   -11.10000  -4846.00    -81.87    -13.38    -10.60
    1    35.70000   -10.90000  -4827.00    -59.90      5.89      8.18
    1    35.70000   -10.70000  -4863.00    -44.83      8.92     13.27
    1    35.70000   -10.50000  -4792.00    -25.46     11.57     16.42
    1    35.70000   -10.30000  -4554.00    -16.60      6.23      6.92
    1    35.70000   -10.10000  -4428.00    -27.78    -11.33    -12.18
    1    35.70000    -9.90000  -4462.00    -43.36    -25.10    -22.60
    1    35.70000    -9.70000  -4410.00    -43.60    -19.58    -16.06
    1    35.70000    -9.50000  -4215.00    -36.72     -8.76     -7.72
    1    35.70000    -9.30000  -3848.00    -30.13     -3.78     -4.43
    1    35.70000    -9.10000  -3542.00    -15.97      3.25      2.37
    1    35.70000    -8.90000  -3212.00     -2.11      7.69      7.42
    1    35.70000    -8.70000  -2768.00      3.44      5.87      2.94
    1    35.70000    -8.50000  -2441.00     -3.24     -2.47     -4.45
    1    35.70000    -8.30000  -2209.00    -12.57     -5.70     -4.70
    1    35.70000    -8.10000  -1820.00    -27.77     -6.89     -8.39
    1    35.70000    -7.90000  -1627.00    -43.04     -2.15     -3.37
    1    35.70000    -7.70000  -1500.00    -65.78     -2.88     -4.99
    1    35.70000    -7.50000  -1400.00    -88.01     -6.43     -5.01
    1    35.70000    -7.30000  -1347.00   -100.27     -8.10     -1.58
    1    35.70000    -7.10000  -1241.00   -107.57    -14.82     -5.89
    1    35.70000    -6.90000   -915.00    -94.61     -9.08     -7.19
    1    35.70000    -6.70000   -700.00    -85.25     -9.60     -6.34
    1    35.70000    -6.50000   -419.00    -72.44     -4.29     -6.28
    1    35.70000    -6.30000   -245.00    -57.34      7.62      5.28
    1    35.70000    -6.10000    -95.00    -46.06     18.05     15.28
    1    35.70000    -5.90000     49.00    -53.27      8.68      3.03
    1    35.70000    -5.70000    171.00    -55.25      1.43     -4.94
    1    35.70000    -5.50000    241.00    -53.24     -2.93     -3.27
    1    35.70000    -5.30000       .00    -60.77    -13.36    -15.16
    1    35.70000    -5.10000   -306.00    -73.23    -21.94    -19.71
    1    35.90000   -11.30000  -4845.00    -74.66    -14.83    -13.67
    1    35.90000   -11.10000  -4934.00    -91.78     -8.17     -5.61
    1    35.90000   -10.90000  -4867.00    -84.35     15.05     16.69
    1    35.90000   -10.70000  -4852.00    -77.95     23.12     23.23
    1    35.90000   -10.50000  -4870.00    -74.54     14.69     15.80
    1    35.90000   -10.30000  -4792.00    -77.85     -7.17     -6.28
    1    35.90000   -10.10000  -4670.00    -75.48    -21.35    -19.59
    1    35.90000    -9.90000  -4538.00    -66.40    -21.17    -19.39
    1    35.90000    -9.70000  -4383.00    -56.19    -12.45    -11.34
    1    35.90000    -9.50000  -4280.00    -57.27    -12.77     -9.81
    1    35.90000    -9.30000  -4170.00    -47.17     -6.20       .04
    1    35.90000    -9.10000  -3779.00    -23.07      6.17      6.73
    1    35.90000    -8.90000  -3378.00      1.39     11.62      9.45
    1    35.90000    -8.70000  -3090.00     24.85     14.29     15.10
    1    35.90000    -8.50000  -2448.00     43.32     17.80     13.13
    1    35.90000    -8.30000  -2082.00     19.61     -8.51    -13.08
    1    35.90000    -8.10000  -1848.00     -9.25    -24.95    -19.21
    1    35.90000    -7.90000  -1601.00    -38.39    -29.19    -24.94
    1    35.90000    -7.70000  -1426.00    -60.60    -21.07    -18.35
    1    35.90000    -7.50000  -1217.00    -64.91      1.48      3.08
    1    35.90000    -7.30000   -930.00    -72.33     10.37      3.53
    1    35.90000    -7.10000   -990.00    -85.03      1.15      4.50
    1    35.90000    -6.90000   -764.00    -77.93      2.11       .80
    1    35.90000    -6.70000   -625.00    -72.86     -2.12       .26
    1    35.90000    -6.50000   -439.00    -58.09      6.17     11.45
    1    35.90000    -6.30000   -272.00    -41.97     20.91     24.23
    1    35.90000    -6.10000   -320.00    -55.05      9.74     20.27
    1    35.90000    -5.90000   -378.00    -69.75     -3.21     13.52
    1    35.90000    -5.70000   -355.00    -80.07    -13.75      1.84
    1    35.90000    -5.50000   -222.00    -86.49    -20.78    -25.99
    1    35.90000    -5.30000       .00    -69.42     -1.28    -35.66
    1    35.90000    -5.10000   -471.00    -61.44     14.05      3.39
    1    36.10000   -11.30000  -4603.00    -17.26    -19.08     -6.90
    1    36.10000   -11.10000  -4857.00    -58.97    -18.02     -6.77
    1    36.10000   -10.90000  -4840.00    -69.68     11.61     14.43
    1    36.10000   -10.70000  -4848.00    -76.33     29.65     30.27
    1    36.10000   -10.50000  -4856.00    -90.05     18.87     19.02
    1    36.10000   -10.30000  -4858.00    -94.32      -.50       .09
    1    36.10000   -10.10000  -4836.00    -79.54     -8.25    -11.04
    1    36.10000    -9.90000  -4206.00    -48.45      4.04     -4.48
    1    36.10000    -9.70000  -4176.00    -38.23      4.89      8.38
    1    36.10000    -9.50000  -4024.00    -34.13      7.04     12.51
    1    36.10000    -9.30000  -4051.00    -39.78      -.49      7.18
    1    36.10000    -9.10000  -3768.00    -23.19      6.79     14.55
    1    36.10000    -8.90000  -3536.00      1.83     12.24     25.67
    1    36.10000    -8.70000  -3099.00     36.51     20.92     36.54
    1    36.10000    -8.50000  -2271.00     70.18     30.94     31.63
    1    36.10000    -8.30000  -1982.00     76.74     25.61     28.27
    1    36.10000    -8.10000  -1903.00     28.98    -16.80      -.89
    1    36.10000    -7.90000  -1331.00     -5.04    -29.42    -28.78
    1    36.10000    -7.70000  -1097.00    -22.63    -16.86    -20.59
    1    36.10000    -7.50000   -971.00    -41.95     -7.34     -7.52
    1    36.10000    -7.30000   -859.00    -55.07     -1.15     -4.19
    1    36.10000    -7.10000   -738.00    -60.53       .25     -5.16
    1    36.10000    -6.90000   -705.00    -39.97     18.19     17.87
    1    36.10000    -6.70000   -586.00    -44.80      7.59     10.73
    1    36.10000    -6.50000   -123.00    -31.95     17.20      8.34
    1    36.10000    -6.30000    -35.00    -43.78      6.69      1.08
    1    36.10000    -6.10000    -44.00    -59.60     -5.15     -7.11
    1    36.10000    -5.90000    -42.00    -68.72    -11.02    -12.87
    1    36.10000    -5.70000    195.00    -59.22      -.72    -29.74
    1    36.10000    -5.50000    235.00    -51.95      6.30    -38.70
    1    36.10000    -5.30000   -290.00    -63.75     -3.59    -14.41
    1    36.10000    -5.10000   -815.00    -95.43    -29.42    -19.62
    1    36.30000   -11.30000  -3510.00     51.57    -46.81    -31.76
    1    36.30000   -11.10000  -4210.00     -7.55    -57.64    -49.38
    1    36.30000   -10.90000  -5085.00    -45.63    -39.11    -23.56
    1    36.30000   -10.70000  -4814.00    -65.32    -12.58     -6.33
    1    36.30000   -10.50000  -4830.00    -78.86     -3.64     -1.27
    1    36.30000   -10.30000  -4822.00    -75.86     -3.83      -.40
    1    36.30000   -10.10000  -4739.00    -60.45     -8.10     -5.17
    1    36.30000    -9.90000  -4804.00    -46.45    -16.31      -.23
    1    36.30000    -9.70000  -3500.00      5.97     22.23     17.76
    1    36.30000    -9.50000  -3429.00      4.27     17.54     15.22
    1    36.30000    -9.30000  -3630.00    -17.29     -1.58      5.92
    1    36.30000    -9.10000  -3321.00    -43.53    -28.72    -11.78
    1    36.30000    -8.90000  -3072.00    -23.53    -19.06      9.25
    1    36.30000    -8.70000  -2460.00     -4.65    -19.59      7.52
    1    36.30000    -8.50000  -2069.00     39.40      2.57     17.22
    1    36.30000    -8.30000  -1587.00     79.85     27.69     33.08
    1    36.30000    -8.10000  -1416.00     82.07     27.81     36.90
    1    36.30000    -7.90000  -1171.00     88.67     46.54     51.40
    1    36.30000    -7.70000   -963.00     54.19     33.49     36.64
    1    36.30000    -7.50000   -825.00     -4.60     -2.62     -3.52
    1    36.30000    -7.30000   -908.00    -32.94    -14.08     -9.88
    1    36.30000    -7.10000   -739.00    -46.84    -19.74    -19.69
    1    36.30000    -6.90000   -657.00    -38.00     -9.38     -7.16
    1    36.30000    -6.70000   -396.00    -31.58     -3.54     -5.78
    1    36.30000    -6.50000   -104.00    -28.32      1.00     -3.57
    1    36.30000    -6.30000    -41.00    -45.51    -12.19    -13.26
    1    36.30000    -6.10000     23.00    -28.53      9.15     13.06
    1    36.30000    -5.90000     67.00    -41.46     -2.38      3.45
    1    36.30000    -5.70000    216.00    -45.21     -9.18    -15.41
    1    36.30000    -5.50000    196.00    -47.28    -17.06     -5.95
    1    36.30000    -5.30000     28.00    -16.50      8.93     13.62
    1    36.30000    -5.10000   -265.00      1.74     26.50     28.55
    1    36.50000   -11.30000  -2146.00    186.44      9.00     17.45
    1    36.50000   -11.10000  -3699.00     84.72    -58.51    -48.72
    1    36.50000   -10.90000  -4169.00     29.60    -58.63    -48.26
    1    36.50000   -10.70000  -4392.00    -10.06    -42.34    -34.59
    1    36.50000   -10.50000  -4739.00    -43.92    -37.62    -34.91
    1    36.50000   -10.30000  -4612.00    -34.81    -15.54    -14.43
    1    36.50000   -10.10000  -4123.00    -14.09     -3.28     -2.03
    1    36.50000    -9.90000  -3962.00     -2.14     -8.93     -3.27
    1    36.50000    -9.70000  -3665.00     10.44    -10.46     -8.59
    1    36.50000    -9.50000  -3174.00     14.02    -10.96     -4.58
    1    36.50000    -9.30000  -2653.00    -16.81    -37.26    -34.99
    1    36.50000    -9.10000  -2883.00    -28.82    -42.73     -6.72
    1    36.50000    -8.90000  -1848.00     10.89     -1.17     17.96
    1    36.50000    -8.70000  -1576.00     14.66     -3.02     10.71
    1    36.50000    -8.50000  -2274.00    -18.22    -46.68    -36.84
    1    36.50000    -8.30000  -1447.00     12.22    -26.78    -26.04
    1    36.50000    -8.10000  -1025.00     27.38    -16.72    -13.07
    1    36.50000    -7.90000   -741.00     47.27      5.80      7.25
    1    36.50000    -7.70000   -597.00     80.48     48.01     45.18
    1    36.50000    -7.50000   -695.00     63.52     42.68     43.45
    1    36.50000    -7.30000   -590.00      9.96      -.37      -.01
    1    36.50000    -7.10000   -535.00     -6.57     -9.28     -7.87
    1    36.50000    -6.90000   -455.00     -8.04     -5.33       .56
    1    36.50000    -6.70000   -128.00    -17.55     -9.64    -11.60
    1    36.50000    -6.50000    -55.00    -20.61     -6.41     -6.53
    1    36.50000    -6.30000     -5.00    -32.60    -11.83    -12.32
    1    36.50000    -6.10000     48.00    -25.25      -.47       .87
    1    36.50000    -5.90000     84.00    -26.88     -3.76      2.35
    1    36.50000    -5.70000    254.00    -19.09     -4.45     -5.35
    1    36.50000    -5.50000    435.00    -10.57     -9.23     -8.24
    1    36.50000    -5.30000    511.00     40.19     27.91     16.33
    1    36.50000    -5.10000    414.00     44.67     23.14     14.00
    1    36.70000   -11.30000  -1130.00    271.72     79.57     54.37
    1    36.70000   -11.10000   -349.00    323.07    138.67     73.26
    1    36.70000   -10.90000  -2451.00    164.61     16.99     33.14
    1    36.70000   -10.70000  -3144.00     84.28    -13.43    -15.23
    1    36.70000   -10.50000  -3307.00     56.49      3.22     -5.53
    1    36.70000   -10.30000  -3547.00     24.40     -2.56    -12.45
    1    36.70000   -10.10000  -3494.00     40.29     19.14     15.78
    1    36.70000    -9.90000  -3062.00     56.81     27.43     18.03
    1    36.70000    -9.70000  -2900.00     44.40      2.79     12.45
    1    36.70000    -9.50000  -1653.00     74.45     24.74     86.18
    1    36.70000    -9.30000  -1048.00     78.25     27.77     59.79
    1    36.70000    -9.10000   -889.00     58.67     13.32     45.23
    1    36.70000    -8.90000   -727.00     43.00      4.90     33.63
    1    36.70000    -8.70000   -767.00     26.37     -5.91     25.41
    1    36.70000    -8.50000   -972.00      6.29    -23.44      6.63
    1    36.70000    -8.30000   -692.00     13.45    -16.94      9.18
    1    36.70000    -8.10000   -763.00     17.02    -15.85     20.77
    1    36.70000    -7.90000   -742.00     25.41     -9.96     29.28
    1    36.70000    -7.70000   -640.00     23.97    -12.35     22.14
    1    36.70000    -7.50000   -565.00     40.10      5.29     33.64
    1    36.70000    -7.30000   -549.00     56.64     26.11     54.68
    1    36.70000    -7.10000   -481.00     65.78     42.16     67.18
    1    36.70000    -6.90000   -151.00     50.83     36.38     41.95
    1    36.70000    -6.70000    -68.00     15.98     12.32     14.82
    1    36.70000    -6.50000    -18.00     -6.20      1.29      1.72
    1    36.70000    -6.30000     38.00    -12.64      4.24      -.16
    1    36.70000    -6.10000     52.00     -9.68     12.03      7.59
    1    36.70000    -5.90000     74.00     -8.47     11.00     12.77
    1    36.70000    -5.70000    233.00     -5.56      3.74      5.69
    1    36.70000    -5.50000    373.00      1.56     -5.43      6.75
    1    36.70000    -5.30000    963.00     20.77     -4.33    -39.17
    1    36.70000    -5.10000    936.00     51.37     11.56     -8.10
    1    36.90000   -11.30000  -3045.00     70.98    -62.17    -54.15
    1    36.90000   -11.10000  -1778.00    215.79     65.81     39.67
    1    36.90000   -10.90000  -1604.00    228.84     90.13     62.44
    1    36.90000   -10.70000  -2562.00    137.91     30.34     21.76
    1    36.90000   -10.50000  -3286.00     76.46      6.17      6.31
    1    36.90000   -10.30000  -3806.00     29.61    -10.13     -6.37
    1    36.90000   -10.10000  -3570.00     27.27      3.78     14.54
    1    36.90000    -9.90000  -2350.00     69.32     46.76     22.67
    1    36.90000    -9.70000  -1998.00     50.91     18.04      4.87
    1    36.90000    -9.50000  -2146.00     34.38    -13.50     53.43
    1    36.90000    -9.30000  -1011.00     55.83     -5.24     21.68
    1    36.90000    -9.10000   -356.00     69.56      1.77     13.03
    1    36.90000    -8.90000   -109.00     90.80     24.47     31.58
    1    36.90000    -8.70000    -99.00     68.44     10.20     15.54
    1    36.90000    -8.50000   -131.00     51.49      3.94     11.74
    1    36.90000    -8.30000    -10.00     48.15      9.16      9.13
    1    36.90000    -8.10000    -37.00     41.87      6.09      8.58
    1    36.90000    -7.90000   -125.00     29.08     -9.05       .25
    1    36.90000    -7.70000   -539.00     18.75    -24.49     10.04
    1    36.90000    -7.50000   -458.00     19.72    -27.19      1.30
    1    36.90000    -7.30000   -242.00     22.57    -23.07     -9.55
    1    36.90000    -7.10000   -109.00     30.38     -7.82     -3.01
    1    36.90000    -6.90000    -54.00     28.64      2.95      5.37
    1    36.90000    -6.70000    -20.00      7.73     -2.93     -1.35
    1    36.90000    -6.50000     -2.00    -15.91    -11.79     -9.40
    1    36.90000    -6.30000      3.00    -32.25    -15.98    -15.55
    1    36.90000    -6.10000     12.00    -34.16    -10.29    -10.93
    1    36.90000    -5.90000     55.00    -19.67      5.81      6.13
    1    36.90000    -5.70000    137.00    -31.97    -11.50     -7.79
    1    36.90000    -5.50000    394.00    -12.69     -2.98    -10.50
    1    36.90000    -5.30000    412.00    -13.52    -17.61     -6.39
    1    36.90000    -5.10000    741.00      4.41    -12.56    -23.44
    1    37.10000   -11.30000  -5066.00    -40.56    -74.27    -60.47
    1    37.10000   -11.10000  -4052.00     37.75    -25.15    -17.21
    1    37.10000   -10.90000  -3732.00     89.05     14.46     19.29
    1    37.10000   -10.70000  -2774.00    107.99     39.63     18.67
    1    37.10000   -10.50000  -3000.00     67.59     18.26      1.79
    1    37.10000   -10.30000  -3913.00     16.69     -9.26     -6.59
    1    37.10000   -10.10000  -3796.00     -4.46    -11.77      1.21
    1    37.10000    -9.90000  -3354.00    -13.63    -14.13      5.26
    1    37.10000    -9.70000  -2831.00     -6.98    -15.43      1.37
    1    37.10000    -9.50000  -1090.00     49.34     20.59      3.71
    1    37.10000    -6.90000    -11.00     27.33     -9.38     -8.75
    1    37.10000    -6.70000     42.00     25.01      4.55      3.95
    1    37.10000    -6.50000     14.00      7.16      2.32      6.70
    1    37.10000    -6.30000      7.00    -16.09     -7.46     -5.85
    1    37.10000    -6.10000      6.00    -35.93    -16.35    -15.65
    1    37.10000    -5.90000      9.00    -47.90    -20.06    -17.06
    1    37.10000    -5.70000     89.00    -49.85    -16.95    -16.57
    1    37.10000    -5.50000    164.00    -37.24     -2.93     -1.91
    1    37.10000    -5.30000    324.00    -35.57     -3.19     -7.09
    1    37.10000    -5.10000    515.00    -39.02    -10.55    -24.36
    1    37.30000   -11.30000  -5142.00    -65.65     -9.94     -8.18
    1    37.30000   -11.10000  -5119.00    -55.54    -28.52    -24.77
    1    37.30000   -10.90000  -5118.00    -51.12    -50.90    -38.14
    1    37.30000   -10.70000  -4571.00     -8.13    -25.54    -13.86
    1    37.30000   -10.50000  -4032.00     17.05     -4.65      5.29
    1    37.30000   -10.30000  -3817.00      6.55     -7.24     -6.04
    1    37.30000   -10.10000  -3785.00    -25.74    -26.12    -19.59
    1    37.30000    -9.90000  -3601.00    -57.35    -48.59    -32.04
    1    37.30000    -9.70000  -3226.00    -58.59    -53.34    -28.68
    1    37.30000    -9.50000  -1204.00     19.33      5.81      2.03
    1    37.30000    -6.90000      9.00     49.88      -.25      6.41
    1    37.30000    -6.70000     70.00     49.18     12.26     17.87
    1    37.30000    -6.50000    124.00     33.09      8.85      9.11
    1    37.30000    -6.30000     79.00     20.59      8.38      6.69
    1    37.30000    -6.10000     58.00      2.19      2.45     -1.00
    1    37.30000    -5.90000     57.00    -18.58     -4.65     -7.96
    1    37.30000    -5.70000     51.00    -34.24     -5.90     -4.70
    1    37.30000    -5.50000     96.00    -50.59     -8.64     -6.93
    1    37.30000    -5.30000    126.00    -56.77     -3.71      -.92
    1    37.30000    -5.10000    158.00    -56.10      4.43     10.58
    1    37.50000   -11.30000  -5141.00    -77.18     24.67     24.48
    1    37.50000   -11.10000  -5109.00    -72.13      8.65      8.71
    1    37.50000   -10.90000  -5105.00    -69.22    -21.09    -17.98
    1    37.50000   -10.70000  -4992.00    -38.29    -23.93    -15.68
    1    37.50000   -10.50000  -3981.00     10.53       .71      4.45
    1    37.50000   -10.30000  -3536.00     23.48      4.86      7.04
    1    37.50000   -10.10000  -2704.00     37.51     23.29     10.32
    1    37.50000    -9.90000  -3047.00    -26.66    -32.18    -22.49
    1    37.50000    -9.70000  -2105.00    -24.86    -28.04    -48.03
    1    37.50000    -9.50000  -1305.00      9.49     -4.15     -6.32
    1    37.50000    -6.90000    147.00     64.13       .26      2.74
    1    37.50000    -6.70000    258.00     70.16     12.74     12.66
    1    37.50000    -6.50000    304.00     46.41     -4.37     -4.15
    1    37.50000    -6.30000    139.00     40.80     -2.06      1.92
    1    37.50000    -6.10000     60.00     27.54     -4.42     -3.02
    1    37.50000    -5.90000     13.00     19.67      2.51      5.64
    1    37.50000    -5.70000     80.00       .25      1.15      1.21
    1    37.50000    -5.50000    141.00    -12.87      7.51      7.67
    1    37.50000    -5.30000    134.00    -23.70     15.23     17.17
    1    37.50000    -5.10000    150.00    -43.87     10.45      9.99
    1    37.70000   -11.30000  -5025.00    -65.18     39.69     37.64
    1    37.70000   -11.10000  -5090.00    -70.86     22.53     22.38
    1    37.70000   -10.90000  -5048.00    -67.86     -3.47     -3.76
    1    37.70000   -10.70000  -4730.00    -31.04     -3.83     -6.79
    1    37.70000   -10.50000  -3839.00     25.94     20.15     16.08
    1    37.70000   -10.30000  -3201.00     49.77     24.44     15.89
    1    37.70000   -10.10000  -3016.00     53.62     24.06     33.25
    1    37.70000    -9.90000  -2318.00     43.64     19.36     25.22
    1    37.70000    -9.70000  -1826.00     25.92      6.99      5.92
    1    37.70000    -9.50000   -674.00     47.25     26.33     11.38
    1    37.70000    -6.90000    258.00     62.12    -11.27     -9.89
    1    37.70000    -6.70000    311.00     65.72     -9.25     -7.63
    1    37.70000    -6.50000    430.00     54.08    -21.16    -17.61
    1    37.70000    -6.30000    346.00     61.80    -10.63    -18.06
    1    37.70000    -6.10000    285.00     84.67     19.45     20.04
    1    37.70000    -5.90000    168.00     84.93     31.43     47.75
    1    37.70000    -5.70000    216.00     40.51      2.30      7.99
    1    37.70000    -5.50000    160.00      7.89    -12.89     -9.26
    1    37.70000    -5.30000     79.00       .27     -2.45      1.74
    1    37.70000    -5.10000    139.00      1.44     15.72     12.89
    1    37.90000   -11.30000  -5074.00    -68.65     18.21     17.69
    1    37.90000   -11.10000  -4914.00    -68.94     16.42     13.92
    1    37.90000   -10.90000  -5027.00    -73.69     -5.21     -3.62
    1    37.90000   -10.70000  -5058.00    -55.85    -14.52     -7.24
    1    37.90000   -10.50000  -4228.00     -4.94      8.11      5.95
    1    37.90000   -10.30000  -3484.00     32.22     24.18      8.89
    1    37.90000   -10.10000  -2921.00     42.49     24.11     14.24
    1    37.90000    -9.90000  -2380.00     31.54     11.36      8.64
    1    37.90000    -9.70000  -1991.00     23.53      4.49     12.73
    1    37.90000    -9.50000  -1197.00     20.52       .41      2.89
    1    37.90000    -6.90000    481.00     85.44     10.62       .78
    1    37.90000    -6.70000    660.00    107.81     25.14     -1.56
    1    37.90000    -6.50000    447.00     81.85     -6.36      3.59
    1    37.90000    -6.30000    634.00     74.08    -15.38    -32.22
    1    37.90000    -6.10000    549.00     82.27     -3.78    -17.62
    1    37.90000    -5.90000    380.00     71.34     -7.72      -.42
    1    37.90000    -5.70000    490.00     74.62      4.80      4.65
    1    37.90000    -5.50000    493.00     65.50      6.57     -5.89
    1    37.90000    -5.30000    439.00     47.19       .86    -15.35
    1    37.90000    -5.10000    410.00     34.18      1.86     -6.83
    1    38.10000   -11.30000  -5051.00    -67.27       .63       .54
    1    38.10000   -11.10000  -5029.00    -71.05      4.80      6.47
    1    38.10000   -10.90000  -4980.00    -70.88      4.05      6.74
    1    38.10000   -10.70000  -4931.00    -62.36      2.91      7.03
    1    38.10000   -10.50000  -4809.00    -50.10       .24      9.27
    1    38.10000   -10.30000  -4586.00    -38.51     -4.03     10.59
    1    38.10000   -10.10000  -4353.00    -33.61    -13.04     15.32
    1    38.10000    -9.90000  -3975.00    -25.95    -16.73     21.36
    1    38.10000    -9.70000  -3149.00    -26.36    -26.78     16.87
    1    38.10000    -9.50000  -1399.00     -6.13    -15.32    -16.57
    1    38.10000    -6.90000    300.00     53.81    -13.14     -2.68
    1    38.10000    -6.70000    535.00     70.38     -7.04    -20.66
    1    38.10000    -6.50000    633.00     81.58     -3.69    -16.70
    1    38.10000    -6.30000    667.00     86.83     -1.68    -11.84
    1    38.10000    -6.10000    493.00     68.94    -18.69    -15.98
    1    38.10000    -5.90000    695.00     77.84     -6.76    -25.26
    1    38.10000    -5.70000    596.00     87.11      6.21      6.81
    1    38.10000    -5.50000    474.00     60.99    -15.26     -6.42
    1    38.10000    -5.30000    490.00     63.70     -5.50     -7.88
    1    38.10000    -5.10000    709.00     83.67     24.64      7.09
    1    38.30000   -11.30000  -5075.00    -66.30    -13.91    -11.84
    1    38.30000   -11.10000  -5013.00    -71.45     -5.62     -2.14
    1    38.30000   -10.90000  -4991.00    -77.90     -1.64      2.53
    1    38.30000   -10.70000  -4935.00    -80.57       .15      3.30
    1    38.30000   -10.50000  -4827.00    -70.31      7.75     12.70
    1    38.30000   -10.30000  -4658.00    -60.97      7.52     16.98
    1    38.30000   -10.10000  -4498.00    -55.17     -2.09     27.06
    1    38.30000    -9.90000  -3905.00    -46.92    -13.07     20.15
    1    38.30000    -9.70000  -2916.00    -37.53    -23.78      5.94
    1    38.30000    -9.50000  -1538.00    -19.41    -23.26    -11.42
    1    38.30000    -6.90000    409.00     48.41     -4.00    -13.66
    1    38.30000    -6.70000    325.00     43.42    -18.36    -14.90
    1    38.30000    -6.50000    427.00     57.80    -11.25     -9.72
    1    38.30000    -6.30000    530.00     77.69      5.31      3.85
    1    38.30000    -6.10000    555.00     75.03      2.33      2.79
    1    38.30000    -5.90000    551.00     74.44      2.25      4.78
    1    38.30000    -5.70000    575.00     71.51      -.44       .23
    1    38.30000    -5.50000    644.00     59.43    -11.46    -14.92
    1    38.30000    -5.30000    581.00     57.51     -9.39    -13.79
    1    38.30000    -5.10000    705.00     60.61      1.55     -6.99
    1    38.50000   -11.30000  -4886.00    -53.63    -18.96    -15.66
    1    38.50000   -11.10000  -4873.00    -68.92    -23.68    -18.07
    1    38.50000   -10.90000  -4880.00    -77.69    -22.80    -18.31
    1    38.50000   -10.70000  -4830.00    -82.46    -21.28    -16.20
    1    38.50000   -10.50000  -4735.00    -84.96    -23.06    -16.16
    1    38.50000   -10.30000  -4670.00    -84.17    -28.96    -16.68
    1    38.50000   -10.10000  -4236.00    -79.66    -39.07     -8.91
    1    38.50000    -9.90000  -2156.00    -15.44      4.53      6.47
    1    38.50000    -9.70000  -1155.00     27.34     25.17     24.95
    1    38.50000    -9.50000   -130.00     78.65     58.32     57.98
    1    38.50000    -6.90000    426.00     68.41     30.90     29.95
    1    38.50000    -6.70000    482.00     64.62     21.31     19.60
    1    38.50000    -6.50000    355.00     48.59       .73      1.00
    1    38.50000    -6.30000    441.00     61.29     11.45      7.63
    1    38.50000    -6.10000    373.00     49.92      -.53     12.70
    1    38.50000    -5.90000    505.00     59.64      8.12     10.75
    1    38.50000    -5.70000    593.00     68.01     14.66      6.94
    1    38.50000    -5.50000    547.00     47.47     -6.65     -6.61
    1    38.50000    -5.30000    493.00     39.15    -12.33     -8.74
    1    38.50000    -5.10000    533.00     26.04    -18.99    -21.12
    1    38.70000   -11.30000  -4404.00     -7.36      5.71     13.54
    1    38.70000   -11.10000  -4110.00      -.08     11.90     21.27
    1    38.70000   -10.90000  -3852.00     -2.73      5.74      7.51
    1    38.70000   -10.70000  -4256.00    -34.17    -30.15    -15.08
    1    38.70000   -10.50000  -4245.00    -43.12    -44.22    -25.47
    1    38.70000   -10.30000  -2745.00      6.49     -1.83     10.97
    1    38.70000   -10.10000  -1793.00      9.00    -10.25     -5.45
    1    38.70000    -9.90000   -942.00     26.54     -6.83    -12.50
    1    38.70000    -9.70000   -119.00     62.94     15.85      2.58
    1    38.70000    -9.50000    -28.00     75.07     19.79     14.99
    1    38.70000    -6.90000    262.00     33.13      3.92      4.73
    1    38.70000    -6.70000    246.00      6.78    -23.89    -18.23
    1    38.70000    -6.50000    280.00     40.27      9.06     11.51
    1    38.70000    -6.30000    302.00     44.92     14.31     14.19
    1    38.70000    -6.10000    380.00     46.44     15.91     17.62
    1    38.70000    -5.90000    431.00     37.36      4.86      8.28
    1    38.70000    -5.70000    409.00     25.12    -10.91     -6.22
    1    38.70000    -5.50000    495.00     38.06      -.54    -10.82
    1    38.70000    -5.30000    537.00     35.44     -2.34     -8.45
    1    38.70000    -5.10000    428.00     20.27    -13.33     -3.93
    1    38.90000   -11.30000  -3462.00     44.36     40.25     27.05
    1    38.90000   -11.10000  -3139.00     57.07     37.31     18.69
    1    38.90000   -10.90000  -2996.00     66.77     26.33     13.48
    1    38.90000   -10.70000  -2457.00     85.41     25.98     12.46
    1    38.90000   -10.50000  -2284.00     83.86     11.19      5.01
    1    38.90000   -10.30000  -1857.00     67.15    -13.20     -3.61
    1    38.90000   -10.10000   -773.00    118.17     33.02     26.91
    1    38.90000    -9.90000   -119.00    119.26     30.41     13.18
    1    38.90000    -9.70000   -132.00     81.71     -8.40     -7.13
    1    38.90000    -9.50000    -51.00     66.21    -19.23    -21.48
    1    38.90000    -6.90000    172.00     11.36    -18.70    -12.73
    1    38.90000    -6.70000    183.00     -5.95    -33.92    -27.70
    1    38.90000    -6.50000    206.00      7.08    -17.25    -10.46
    1    38.90000    -6.30000    261.00      5.35    -14.88     -6.33
    1    38.90000    -6.10000    219.00      4.50    -13.69      -.46
    1    38.90000    -5.90000    245.00      -.23    -20.16    -11.00
    1    38.90000    -5.70000    318.00     14.19    -10.43     -8.02
    1    38.90000    -5.50000    316.00     24.42     -4.94      2.28
    1    38.90000    -5.30000    346.00     28.87     -2.69      7.85
    1    38.90000    -5.10000    589.00     33.78      2.54     -9.11
    1    39.10000   -11.30000  -4734.00     -2.65     -8.49     19.18
    1    39.10000   -11.10000  -4528.00      7.67    -22.90      2.18
    1    39.10000   -10.90000  -3009.00     82.97     21.58     11.26
    1    39.10000   -10.70000  -2120.00    153.33     65.53     50.96
    1    39.10000   -10.50000  -1512.00    152.06     48.63     29.29
    1    39.10000   -10.30000   -964.00    113.27      4.91     -7.25
    1    39.10000   -10.10000   -308.00    144.81     37.85     17.59
    1    39.10000    -9.90000   -174.00    124.87     21.57     16.35
    1    39.10000    -9.70000    -96.00     93.96     -4.01     -4.92
    1    39.10000    -9.50000    -50.00     74.60    -13.85    -15.27
    1    39.10000    -6.90000    232.00     14.19    -21.06    -15.45
    1    39.10000    -6.70000    301.00      8.81    -22.77    -24.27
    1    39.10000    -6.50000    326.00     11.69    -13.37    -11.21
    1    39.10000    -6.30000    397.00      3.75    -13.95    -11.40
    1    39.10000    -6.10000    354.00      2.84    -10.08     -5.83
    1    39.10000    -5.90000    265.00       .09    -12.97     -5.16
    1    39.10000    -5.70000    304.00     12.40     -5.21     -4.05
    1    39.10000    -5.50000    292.00     18.46     -5.33      5.74
    1    39.10000    -5.30000    375.00     22.50     -6.43      -.41
    1    39.10000    -5.10000    453.00     36.12      3.45      6.19
    1    39.30000   -11.30000  -4921.00    -32.79    -22.29     -8.00
    1    39.30000   -11.10000  -4485.00    -16.99    -30.55    -27.68
    1    39.30000   -10.90000  -3964.00     23.14    -19.04    -15.30
    1    39.30000   -10.70000  -2847.00     77.78     13.63     10.65
    1    39.30000   -10.50000  -2230.00    104.85     30.98     14.34
    1    39.30000   -10.30000  -1288.00     95.53     22.19      8.02
    1    39.30000   -10.10000   -649.00    127.72     58.76     28.13
    1    39.30000    -9.90000   -264.00     84.75     18.63    -21.62
    1    39.30000    -9.70000   -120.00     88.58     23.09     -8.04
    1    39.30000    -9.50000    -61.00     68.27      4.63     -6.49
    1    39.30000    -6.90000    348.00     23.13    -13.00    -11.53
    1    39.30000    -6.70000    388.00     32.16     -1.01     -2.82
    1    39.30000    -6.50000    362.00     33.42      7.10     18.84
    1    39.30000    -6.30000    443.00     14.38     -3.21     -1.46
    1    39.30000    -6.10000    437.00     23.64     12.82     17.59
    1    39.30000    -5.90000    507.00     20.93     11.97      6.06
    1    39.30000    -5.70000    559.00     17.02      4.86    -11.74
    1    39.30000    -5.50000    457.00     12.71     -5.44     -5.75
    1    39.30000    -5.30000    557.00     28.17      3.77      -.35
    1    39.30000    -5.10000    484.00     30.20      -.01      6.37
    1    39.50000   -11.30000  -4521.00    -43.59     -7.86     -2.32
    1    39.50000   -11.10000  -4716.00    -46.37    -27.04    -21.16
    1    39.50000   -10.90000  -4803.00    -35.95    -34.17    -23.98
    1    39.50000   -10.70000  -4167.00    -18.17    -26.14    -27.04
    1    39.50000   -10.50000  -3915.00    -31.72    -39.45    -38.02
    1    39.50000   -10.30000  -2841.00    -45.95    -48.57    -42.32
    1    39.50000   -10.10000  -3428.00    -68.82    -69.43    -56.02
    1    39.50000    -9.90000  -3200.00    -84.54    -91.10    -92.11
    1    39.50000    -9.70000  -1640.00    -39.74    -58.78    -89.41
    1    39.50000    -9.50000   -837.00     30.58     -1.40     -6.36
    1    39.50000    -6.90000    293.00     37.10      8.80     10.59
    1    39.50000    -6.70000    307.00     24.01     -3.37      1.80
    1    39.50000    -6.50000    390.00     10.66    -11.98    -11.86
    1    39.50000    -6.30000    375.00     18.21      2.90      3.37
    1    39.50000    -6.10000    318.00     24.30     15.46     20.89
    1    39.50000    -5.90000    448.00     15.79      9.47      5.86
    1    39.50000    -5.70000    554.00     43.18     34.82     33.43
    1    39.50000    -5.50000    712.00     50.63     37.49     38.12
    1    39.50000    -5.30000    982.00     39.90     21.55      3.92
    1    39.50000    -5.10000    696.00     46.26     23.13     24.28
    1    39.70000   -11.30000  -5131.00    -72.32    -16.46    -10.32
    1    39.70000   -11.10000  -5051.00    -70.01    -22.33    -15.27
    1    39.70000   -10.90000  -4665.00    -52.50    -10.36     -7.80
    1    39.70000   -10.70000  -4431.00    -36.37      7.99     12.18
    1    39.70000   -10.50000  -4303.00    -41.69     10.53     22.00
    1    39.70000   -10.30000  -3808.00    -75.87    -18.11     -3.93
    1    39.70000   -10.10000  -2355.00    -57.44     -4.61    -19.18
    1    39.70000    -9.90000  -2173.00    -66.38    -31.52    -52.91
    1    39.70000    -9.70000  -1336.00    -24.74    -15.97    -42.89
    1    39.70000    -9.50000   -108.00     32.53     16.26      2.44
    1    39.70000    -6.90000    221.00      3.61    -12.95    -11.38
    1    39.70000    -6.70000    329.00      8.08     -9.10    -17.31
    1    39.70000    -6.50000    211.00      1.38    -13.95      -.51
    1    39.70000    -6.30000    351.00     16.74      5.47       .94
    1    39.70000    -6.10000    351.00     16.87      9.28      5.33
    1    39.70000    -5.90000    389.00     25.21     18.38     11.54
    1    39.70000    -5.70000    502.00     19.68     10.24     -5.37
    1    39.70000    -5.50000    505.00     20.09      6.48      1.00
    1    39.70000    -5.30000    457.00      9.30     -7.64     -4.82
    1    39.70000    -5.10000    550.00     13.94     -4.43    -10.78
    1    39.90000   -11.30000  -5075.00    -59.40      2.39      5.33
    1    39.90000   -11.10000  -5011.00    -51.24      7.01     12.52
    1    39.90000   -10.90000  -4880.00    -46.86     13.45     17.19
    1    39.90000   -10.70000  -4472.00    -35.12     34.18     30.97
    1    39.90000   -10.50000  -4449.00    -47.86     31.70     31.28
    1    39.90000   -10.30000  -4231.00    -91.61     -9.96     -1.18
    1    39.90000   -10.10000  -3759.00    -90.14    -21.55     12.40
    1    39.90000    -9.90000  -2078.00    -24.33     16.61     25.98
    1    39.90000    -9.70000   -716.00     28.03     35.05      9.38
    1    39.90000    -9.50000   -174.00     51.28     29.51     30.26
    1    39.90000    -6.90000    220.00      6.08     -4.75      3.86
    1    39.90000    -6.70000    268.00     10.32      -.81     -1.99
    1    39.90000    -6.50000    343.00     11.14       .15     -4.53
    1    39.90000    -6.30000    290.00      -.05    -10.23    -11.01
    1    39.90000    -6.10000    391.00      6.74     -3.59     -9.33
    1    39.90000    -5.90000    258.00    -17.62    -30.69    -19.07
    1    39.90000    -5.70000    268.00    -21.80    -39.99    -33.37
    1    39.90000    -5.50000    281.00    -27.41    -50.76    -47.64
    1    39.90000    -5.30000    317.00    -21.80    -47.40    -46.22
    1    39.90000    -5.10000    376.00    -20.44    -43.84    -42.74
    1    40.10000   -11.30000  -4945.00    -45.82      8.02      6.38
    1    40.10000   -11.10000  -4928.00    -39.84     12.13     13.89
    1    40.10000   -10.90000  -4920.00    -41.52     15.90     20.30
    1    40.10000   -10.70000  -4849.00    -38.65     30.09     33.46
    1    40.10000   -10.50000  -4614.00    -65.05     13.28     15.94
    1    40.10000   -10.30000  -4192.00    -99.27    -22.65    -17.96
    1    40.10000   -10.10000  -3771.00    -76.82    -18.50     -1.85
    1    40.10000    -9.90000  -1315.00     39.51     65.94     34.28
    1    40.10000    -9.70000   -571.00     64.16     55.44     45.90
    1    40.10000    -9.50000   -151.00     67.17     32.09     31.17
    1    40.10000    -9.30000   -107.00     26.56    -18.99    -20.00
    1    40.10000    -9.10000   -102.00     23.09    -18.52    -16.41
    1    40.10000    -8.90000    -19.00     11.95    -19.72    -19.26
    1    40.10000    -8.70000     82.00     30.70      5.25      3.55
    1    40.10000    -8.50000     80.00     38.96     10.80     24.53
    1    40.10000    -8.30000    156.00     35.62     -2.48     23.47
    1    40.10000    -8.10000    726.00     90.51     41.77     13.34
    1    40.10000    -7.90000    577.00    100.52     46.99     50.97
    1    40.10000    -7.70000    576.00     57.50      7.61     25.28
    1    40.10000    -7.50000    933.00     58.92     18.82    -32.38
    1    40.10000    -7.30000    357.00     16.47    -12.54     -5.51
    1    40.10000    -7.10000    532.00     40.45     19.76     16.42
    1    40.10000    -6.90000    393.00     15.42      -.97     15.27
    1    40.10000    -6.70000    369.00       .66    -14.31      1.63
    1    40.10000    -6.50000    389.00      7.37     -7.56      -.32
    1    40.10000    -6.30000    380.00     -6.75    -22.74    -20.28
    1    40.10000    -6.10000    404.00    -13.72    -32.85    -28.45
    1    40.10000    -5.90000    627.00     13.22    -11.92     -4.62
    1    40.10000    -5.70000    626.00      2.60    -30.49      4.78
    1    40.10000    -5.50000    589.00    -12.95    -53.04    -38.27
    1    40.10000    -5.30000    309.00    -29.51    -72.08     -4.75
    1    40.10000    -5.10000    435.00    -19.27    -57.55    -23.49
    1    40.30000   -11.30000  -5079.00    -34.34      4.87      5.27
    1    40.30000   -11.10000  -4973.00    -32.44      6.44      6.81
    1    40.30000   -10.90000  -4863.00    -36.52      9.85     10.63
    1    40.30000   -10.70000  -4685.00    -47.66     11.22     11.61
    1    40.30000   -10.50000  -4346.00    -62.09      6.34      5.15
    1    40.30000   -10.30000  -3928.00    -72.76     -6.57     -7.40
    1    40.30000   -10.10000  -3732.00    -94.10    -46.15    -41.02
    1    40.30000    -9.90000  -2747.00    -21.45     -4.09      1.43
    1    40.30000    -9.70000   -567.00     76.79     61.36     41.28
    1    40.30000    -9.50000   -162.00     71.81     32.67     24.79
    1    40.30000    -9.30000   -112.00     37.03    -10.31    -13.14
    1    40.30000    -9.10000   -125.00     18.68    -23.04    -20.50
    1    40.30000    -8.90000    -26.00      9.42    -21.02    -20.88
    1    40.30000    -8.70000     69.00     32.85      9.79      5.62
    1    40.30000    -8.50000     60.00     31.25      6.18      2.39
    1    40.30000    -8.30000    328.00     60.29     24.82     16.54
    1    40.30000    -8.10000    257.00     33.32    -15.00    -14.73
    1    40.30000    -7.90000    336.00     37.68    -19.26     -5.33
    1    40.30000    -7.70000    653.00    106.41     48.67     63.08
    1    40.30000    -7.50000    747.00     51.50      -.09    -12.14
    1    40.30000    -7.30000    507.00     39.86     -2.45      5.88
    1    40.30000    -7.10000    809.00     68.15     34.27     23.12
    1    40.30000    -6.90000   1023.00     80.62     52.22     29.33
    1    40.30000    -6.70000    833.00     40.28     14.35     14.46
    1    40.30000    -6.50000    804.00      8.37    -17.35    -28.40
    1    40.30000    -6.30000    608.00      9.58    -17.96     -7.59
    1    40.30000    -6.10000    506.00      5.31    -26.56    -10.29
    1    40.30000    -5.90000    837.00     11.12    -27.87     -2.81
    1    40.30000    -5.70000   1911.00     49.58      1.77    -24.59
    1    40.30000    -5.50000   1127.00     60.06      4.53     24.18
    1    40.30000    -5.30000   1478.00     65.60      7.02     30.27
    1    40.30000    -5.10000   1620.00     51.54     -2.73    -38.06
    1    40.50000   -11.30000  -5042.00    -24.53      1.86      2.35
    1    40.50000   -11.10000  -4919.00    -26.92      1.61      2.40
    1    40.50000   -10.90000  -4768.00    -40.80     -2.98     -2.23
    1    40.50000   -10.70000  -4594.00    -58.45     -6.90     -5.31
    1    40.50000   -10.50000  -4163.00    -55.87      6.95      4.57
    1    40.50000   -10.30000  -3394.00    -40.07     23.82     17.71
    1    40.50000   -10.10000  -3122.00    -48.76      1.90      -.16
    1    40.50000    -9.90000  -2813.00    -68.22    -42.86    -38.95
    1    40.50000    -9.70000  -2167.00    -35.87    -40.00    -37.23
    1    40.50000    -9.50000   -688.00     37.11      8.80      6.65
    1    40.50000    -9.30000   -141.00     55.05     14.22      6.61
    1    40.50000    -9.10000    -89.00     42.65      1.12       .74
    1    40.50000    -8.90000    -23.00     26.67     -9.09     -9.49
    1    40.50000    -8.70000     37.00     25.78     -5.06     -6.00
    1    40.50000    -8.50000     43.00     29.50     -2.31     -2.15
    1    40.50000    -8.30000    554.00     83.51     44.48     26.52
    1    40.50000    -8.10000    315.00     26.44    -22.34    -25.12
    1    40.50000    -7.90000    352.00     11.30    -44.78    -51.31
    1    40.50000    -7.70000    466.00     17.30    -40.44    -26.43
    1    40.50000    -7.50000   1081.00     88.35     34.52     38.94
    1    40.50000    -7.30000    913.00     69.30     22.30     29.21
    1    40.50000    -7.10000    779.00     51.73     11.21     19.42
    1    40.50000    -6.90000    817.00     49.07     12.56      6.96
    1    40.50000    -6.70000    664.00     35.46       .09      6.50
    1    40.50000    -6.50000    700.00     55.68     19.23     19.36
    1    40.50000    -6.30000   1059.00     60.47     21.38     26.64
    1    40.50000    -6.10000    963.00     64.33     21.19     26.52
    1    40.50000    -5.90000    863.00     25.79    -22.87    -16.15
    1    40.50000    -5.70000    991.00     45.87     -9.22     -7.39
    1    40.50000    -5.50000   1061.00     41.45    -19.30    -19.12
    1    40.50000    -5.30000   1055.00     50.03    -13.10     -7.12
    1    40.50000    -5.10000   1644.00     68.69      8.77    -38.39
    1    40.70000   -11.30000  -4801.00    -28.57     -8.00     -8.41
    1    40.70000   -11.10000  -4773.00    -30.45     -6.02     -4.60
    1    40.70000   -10.90000  -4679.00    -44.07    -10.50     -8.71
    1    40.70000   -10.70000  -4588.00    -60.31    -13.61    -11.27
    1    40.70000   -10.50000  -4339.00    -63.80     -4.62     -7.56
    1    40.70000   -10.30000  -3871.00    -46.01     18.81     11.96
    1    40.70000   -10.10000  -2477.00    -13.04     45.91     33.92
    1    40.70000    -9.90000  -2861.00    -36.98      4.13     15.88
    1    40.70000    -9.70000  -2887.00    -84.26    -68.66    -65.62
    1    40.70000    -9.50000  -2693.00    -79.38    -89.85    -70.27
    1    40.70000    -9.30000   -516.00     44.84     14.34     17.55
    1    40.70000    -9.10000    -51.00     50.17      8.85     10.64
    1    40.70000    -8.90000    -34.00     40.57     -3.54     -2.24
    1    40.70000    -8.70000       .00     34.04     -8.83     -6.61
    1    40.70000    -8.50000    131.00     53.67     11.86     10.07
    1    40.70000    -8.30000    719.00     75.07     32.06    -18.33
    1    40.70000    -8.10000    542.00     49.14      3.33    -17.14
    1    40.70000    -7.90000    507.00     49.11      1.19     -2.73
    1    40.70000    -7.70000    489.00     24.49    -22.87     -7.35
    1    40.70000    -7.50000    702.00     45.07      1.18     12.80
    1    40.70000    -7.30000    496.00     27.58    -11.55      9.40
    1    40.70000    -7.10000    619.00     36.75      1.27      5.68
    1    40.70000    -6.90000    746.00     36.02      1.38     -6.65
    1    40.70000    -6.70000    668.00     36.89       .09      3.44
    1    40.70000    -6.50000    774.00     41.34       .55     -2.07
    1    40.70000    -6.30000    778.00     42.60     -2.38      4.20
    1    40.70000    -6.10000    816.00     49.15       .86      8.15
    1    40.70000    -5.90000    999.00     60.52      9.98      2.07
    1    40.70000    -5.70000    917.00     49.78     -2.26      2.24
    1    40.70000    -5.50000    877.00     35.07    -17.85    -16.66
    1    40.70000    -5.30000    933.00     39.12    -13.47    -14.19
    1    40.70000    -5.10000   1143.00     65.92     15.95      4.53
    1    40.90000   -11.30000  -3868.00    -16.75      4.67    -19.45
    1    40.90000   -11.10000  -4289.00    -41.75    -17.36    -19.06
    1    40.90000   -10.90000  -4241.00    -39.01     -9.19     -9.29
    1    40.90000   -10.70000  -4278.00    -46.95     -8.24     -7.19
    1    40.90000   -10.50000  -4418.00    -60.29    -10.88     -3.82
    1    40.90000   -10.30000  -4012.00    -52.16      5.51      7.27
    1    40.90000   -10.10000  -3533.00    -31.80     26.58     34.44
    1    40.90000    -9.90000  -3445.00    -54.26     -5.95     20.42
    1    40.90000    -9.70000  -2629.00    -35.80     -7.72     -2.93
    1    40.90000    -9.50000  -1932.00    -17.15    -14.90    -18.79
    1    40.90000    -9.30000   -152.00     57.35     34.79     11.93
    1    40.90000    -9.10000    -25.00     59.66     19.00     16.45
    1    40.90000    -8.90000    -22.00     49.18      -.34     -2.56
    1    40.90000    -8.70000    -17.00     37.77    -12.61    -12.38
    1    40.90000    -8.50000    212.00     38.13     -8.66    -13.31
    1    40.90000    -8.30000    449.00     63.58     21.20      9.41
    1    40.90000    -8.10000    453.00     71.37     32.35     57.75
    1    40.90000    -7.90000    698.00     58.92     22.37     29.07
    1    40.90000    -7.70000    876.00     69.59     35.79      4.25
    1    40.90000    -7.50000    728.00     51.10     20.97     18.90
    1    40.90000    -7.30000    754.00     47.11     20.74      8.14
    1    40.90000    -7.10000    325.00     14.28    -10.10     13.09
    1    40.90000    -6.90000    615.00     30.12      4.31     -9.09
    1    40.90000    -6.70000    672.00     28.63     -2.19    -10.90
    1    40.90000    -6.50000    685.00     22.19    -15.52     -8.67
    1    40.90000    -6.30000    750.00     23.67    -20.11    -16.22
    1    40.90000    -6.10000    840.00     29.69    -17.08    -18.42
    1    40.90000    -5.90000    793.00     30.36    -15.61     -9.22
    1    40.90000    -5.70000    817.00     35.74     -6.60     -2.88
    1    40.90000    -5.50000    779.00     30.56     -7.09       .90
    1    40.90000    -5.30000    849.00     13.89    -19.41    -19.96
    1    40.90000    -5.10000    889.00     20.88     -8.82     -9.16
    1    41.10000   -11.30000  -3956.00    -32.15     -8.27    -19.07
    1    41.10000   -11.10000  -4107.00    -49.24    -25.47    -18.67
    1    41.10000   -10.90000  -3783.00    -40.41    -17.10     -6.35
    1    41.10000   -10.70000  -3669.00    -21.63      4.05     11.78
    1    41.10000   -10.50000  -4140.00    -38.12     -6.14      1.02
    1    41.10000   -10.30000  -4115.00    -45.17     -5.28      4.14
    1    41.10000   -10.10000  -3829.00    -34.31     10.07     19.03
    1    41.10000    -9.90000  -3485.00    -34.32      6.08     15.79
    1    41.10000    -9.70000  -3231.00    -31.28     -5.36     15.29
    1    41.10000    -9.50000  -1914.00      -.46      2.99      7.92
    1    41.10000    -9.30000   -328.00     58.32     37.49     26.86
    1    41.10000    -9.10000    -80.00     53.73     13.66     11.54
    1    41.10000    -8.90000    -61.00     57.01      7.05      6.60
    1    41.10000    -8.70000    -38.00     32.97    -17.50    -16.09
    1    41.10000    -8.50000     69.00     49.72      4.63     16.25
    1    41.10000    -8.30000    186.00     15.89    -22.50     -8.27
    1    41.10000    -8.10000     38.00      -.32    -33.70     42.31
    1    41.10000    -7.90000    348.00     33.57      3.20     48.42
    1    41.10000    -7.70000    585.00     71.55     43.75     32.48
    1    41.10000    -7.50000    525.00     32.29      8.04     23.76
    1    41.10000    -7.30000    442.00     39.03     19.06     51.30
    1    41.10000    -7.10000    156.00     15.36     -1.67     36.57
    1    41.10000    -6.90000    244.00     36.19     18.41     41.29
    1    41.10000    -6.70000    663.00     20.18     -2.83    -10.89
    1    41.10000    -6.50000    732.00     26.99     -4.06    -13.16
    1    41.10000    -6.30000    791.00     26.68    -11.76    -16.18
    1    41.10000    -6.10000    767.00     29.90    -11.92     -8.50
    1    41.10000    -5.90000    791.00     30.15     -9.58     -7.63
    1    41.10000    -5.70000    813.00     32.53      -.63     -1.08
    1    41.10000    -5.50000    836.00     18.25     -6.44     -7.17
    1    41.10000    -5.30000    772.00     10.17     -6.70     -3.52
    1    41.10000    -5.10000    775.00     -1.55    -12.65    -11.85
    1    41.30000   -11.30000  -3859.00    -38.08    -16.42    -12.28
    1    41.30000   -11.10000  -3665.00    -41.66    -23.04    -16.62
    1    41.30000   -10.90000  -2952.00     -5.65      8.10     10.39
    1    41.30000   -10.70000  -2274.00     31.28     42.53     30.04
    1    41.30000   -10.50000  -3617.00    -25.37    -11.69    -15.19
    1    41.30000   -10.30000  -3619.00    -33.94    -14.04    -15.96
    1    41.30000   -10.10000  -3414.00    -15.90      9.33      8.03
    1    41.30000    -9.90000  -3168.00    -13.21     10.91      5.29
    1    41.30000    -9.70000  -3258.00    -38.47    -24.92    -14.84
    1    41.30000    -9.50000  -2327.00    -20.33    -25.21    -10.81
    1    41.30000    -9.30000  -1190.00      8.37    -17.09     14.96
    1    41.30000    -9.10000   -158.00     55.74     14.28     13.21
    1    41.30000    -8.90000    -67.00     32.62    -16.02    -13.90
    1    41.30000    -8.70000     47.00     29.23    -18.05    -21.57
    1    41.30000    -8.50000    269.00     43.33      1.95    -11.72
    1    41.30000    -8.30000    323.00     51.00     15.16      5.77
    1    41.30000    -8.10000    176.00     18.15    -15.24      7.35
    1    41.30000    -7.90000    904.00    105.11     71.73     22.35
    1    41.30000    -7.70000    531.00     50.38     17.41      8.79
    1    41.30000    -7.50000    700.00     43.49     13.74      6.18
    1    41.30000    -7.30000    781.00     37.32     13.49     10.28
    1    41.30000    -7.10000    238.00    -12.36    -30.33      -.77
    1    41.30000    -6.90000    391.00     16.04       .35     10.86
    1    41.30000    -6.70000    761.00     41.34     22.52     10.35
    1    41.30000    -6.50000    574.00     16.72     -9.34    -11.63
    1    41.30000    -6.30000    736.00     29.79     -3.90    -10.61
    1    41.30000    -6.10000    772.00     31.65     -6.05     -7.72
    1    41.30000    -5.90000    792.00     40.23      4.19      4.95
    1    41.30000    -5.70000    825.00     27.52     -1.86     -4.01
    1    41.30000    -5.50000    774.00     17.57     -2.66     -2.64
    1    41.30000    -5.30000    760.00     12.85      1.69      1.21
    1    41.30000    -5.10000    743.00     11.23      7.58      6.51
    1    41.50000   -11.30000  -2788.00      2.33     14.39     10.94
    1    41.50000   -11.10000  -3263.00    -15.71     -7.79      -.36
    1    41.50000   -10.90000  -3106.00    -11.10     -8.57    -10.39
    1    41.50000   -10.70000  -2949.00     24.50     24.19     10.68
    1    41.50000   -10.50000  -3410.00     -1.99      -.33     -5.08
    1    41.50000   -10.30000  -3288.00     -9.07     -1.90     -1.55
    1    41.50000   -10.10000  -3201.00    -12.10      -.37      1.73
    1    41.50000    -9.90000  -2981.00      1.68     11.92     16.54
    1    41.50000    -9.70000  -2075.00     22.52     22.73     12.21
    1    41.50000    -9.50000  -2077.00    -10.29    -26.60    -22.46
    1    41.50000    -9.30000  -1359.00     22.53    -11.13      1.40
    1    41.50000    -9.10000    -46.00     45.36      -.33    -21.99
    1    41.50000    -8.90000    -22.00     33.78    -15.47    -13.41
    1    41.50000    -8.70000     20.00     36.10     -9.64     -6.47
    1    41.50000    -8.50000    173.00     25.90    -14.00    -13.50
    1    41.50000    -8.30000    154.00     10.47    -26.05     -6.54
    1    41.50000    -8.10000    659.00     64.32     26.87     -5.96
    1    41.50000    -7.90000    265.00     26.13    -14.59     19.42
    1    41.50000    -7.70000    905.00     75.59     33.24     24.80
    1    41.50000    -7.50000    719.00     64.32     24.91     25.89
    1    41.50000    -7.30000    484.00     26.23     -6.01    -15.07
    1    41.50000    -7.10000    373.00     11.16    -13.15     -4.30
    1    41.50000    -6.90000    573.00     44.61     24.73     20.62
    1    41.50000    -6.70000    513.00     35.73     14.51     17.00
    1    41.50000    -6.50000    614.00     28.04       .89      1.83
    1    41.50000    -6.30000    727.00     22.58    -11.31    -22.22
    1    41.50000    -6.10000    702.00     34.02     -3.50     -4.86
    1    41.50000    -5.90000    712.00     36.99       .86      -.61
    1    41.50000    -5.70000    615.00     31.31       .88      6.10
    1    41.50000    -5.50000    702.00     27.83      5.17      5.23
    1    41.50000    -5.30000    683.00     22.21      7.46      8.61
    1    41.50000    -5.10000    695.00      6.19     -1.15      -.70
    1    41.70000   -11.30000  -2595.00     28.29     26.41     20.24
    1    41.70000   -11.10000  -2758.00     12.45      6.63      3.70
    1    41.70000   -10.90000  -2707.00     -4.08    -12.89    -18.36
    1    41.70000   -10.70000  -3045.00     -3.35    -11.63     -9.04
    1    41.70000   -10.50000  -3212.00      9.60      6.07      6.99
    1    41.70000   -10.30000  -3158.00     16.62     19.65     21.30
    1    41.70000   -10.10000  -2951.00     -2.00      4.73      7.68
    1    41.70000    -9.90000  -2746.00      6.55      9.80     14.97
    1    41.70000    -9.70000  -2528.00     -9.31    -17.85     -8.54
    1    41.70000    -9.50000  -1873.00     12.49    -12.92     -3.39
    1    41.70000    -9.30000   -271.00     60.49     19.21      9.99
    1    41.70000    -9.10000    -34.00     53.79      3.23     -1.59
    1    41.70000    -8.90000    -27.00     36.10    -15.17     -5.89
    1    41.70000    -8.70000     42.00     37.86     -8.10     19.02
    1    41.70000    -8.50000    285.00     69.63     29.79     44.64
    1    41.70000    -8.30000    419.00     27.76     -9.62    -17.24
    1    41.70000    -8.10000    503.00      6.11    -33.53    -29.25
    1    41.70000    -7.90000    880.00     52.24      8.27     -5.30
    1    41.70000    -7.70000    835.00     51.04      4.82      4.15
    1    41.70000    -7.50000    448.00     -4.09    -47.98    -43.75
    1    41.70000    -7.30000    713.00     27.62    -10.24    -20.35
    1    41.70000    -7.10000    459.00     18.76    -12.96     16.35
    1    41.70000    -6.90000   1067.00     88.72     59.46     23.18
    1    41.70000    -6.70000    736.00     49.68     17.90     10.47
    1    41.70000    -6.50000    704.00     31.89     -5.43     -7.17
    1    41.70000    -6.30000    806.00     43.44      1.39     -6.71
    1    41.70000    -6.10000    796.00     36.17     -6.65     -8.41
    1    41.70000    -5.90000    732.00     37.11     -1.89       .70
    1    41.70000    -5.70000    676.00     32.26      -.16       .86
    1    41.70000    -5.50000    667.00     29.39      3.81      6.68
    1    41.70000    -5.30000    705.00     24.33      4.57      3.50
    1    41.70000    -5.10000    816.00     21.77      7.38      1.27
    1    41.90000   -11.30000  -2457.00     21.39      7.00      4.02
    1    41.90000   -11.10000  -2556.00     15.94     -2.33     -6.45
    1    41.90000   -10.90000  -2894.00       .33    -18.51    -14.44
    1    41.90000   -10.70000  -2772.00      9.89     -4.79     -9.50
    1    41.90000   -10.50000  -2848.00     21.55     14.85      9.94
    1    41.90000   -10.30000  -2885.00     17.85     19.26     19.38
    1    41.90000   -10.10000  -2863.00      1.21      5.91     12.81
    1    41.90000    -9.90000  -2395.00      2.09      1.71     -2.37
    1    41.90000    -9.70000  -2347.00    -14.78    -28.38    -19.72
    1    41.90000    -9.50000  -1732.00      6.95    -23.71    -17.07
    1    41.90000    -9.30000   -132.00     68.04     22.79      9.33
    1    41.90000    -9.10000   -124.00     61.39      8.98     12.56
    1    41.90000    -8.90000    -20.00     40.59    -10.56     -8.38
    1    41.90000    -8.70000    349.00     76.55     31.88     17.33
    1    41.90000    -8.50000    593.00     75.57     37.44      1.18
    1    41.90000    -8.30000    974.00     98.75     63.37     33.65
    1    41.90000    -8.10000    549.00      4.86    -32.08     -8.67
    1    41.90000    -7.90000    912.00     69.30     29.02     14.46
    1    41.90000    -7.70000   1343.00     58.27     16.09    -41.78
    1    41.90000    -7.50000    523.00      5.40    -35.99    -24.88
    1    41.90000    -7.30000    630.00     25.82    -13.65      -.91
    1    41.90000    -7.10000    730.00     43.75      4.25     22.42
    1    41.90000    -6.90000    863.00     83.01     39.55     55.34
    1    41.90000    -6.70000    793.00     54.08      3.67     28.69
    1    41.90000    -6.50000    805.00     42.76    -13.94    -12.47
    1    41.90000    -6.30000    881.00     54.03     -4.23    -12.66
    1    41.90000    -6.10000    808.00     47.04     -6.29     -8.03
    1    41.90000    -5.90000    727.00     35.78     -7.77     -4.95
    1    41.90000    -5.70000    687.00     32.99       .15      2.41
    1    41.90000    -5.50000    701.00     26.54      1.78      3.78
    1    41.90000    -5.30000    710.00     22.41      2.09      3.60
    1    41.90000    -5.10000    759.00     20.72      2.95      3.11
