    1   38.982410   -8.799910     53.56
    2   39.015200   -8.850630     53.60
    3   38.978210   -8.836520     53.57
    4   39.023680   -8.790900     53.57
    5   38.978010   -9.134840     53.81
    6   38.979230   -9.076710     53.76
    7   39.113310   -9.013820     53.75
    8   39.113450   -9.131650     53.85
    9   38.978140   -9.014440     53.70
   10   39.019110   -8.897850     53.63
   11   39.024540   -8.950720     53.67
   12   38.977980   -9.198150     53.85
   13   38.980530   -8.960090     53.65
   14   39.070130   -9.121830     53.84
   15   39.112960   -8.955850     53.71
   16   39.026190   -9.078770     53.79
   17   39.070790   -9.014980     53.75
   18   39.117010   -9.077650     53.81
   19   38.978290   -8.893030     53.60
   20   39.115320   -9.195440     53.89
   21   39.113200   -8.891080     53.66
   22   39.071760   -8.893050     53.65
   23   39.026290   -9.196950     53.89
   24   39.023560   -9.020060     53.73
   25   39.069440   -8.949940     53.69
   26   39.068890   -9.067500     53.79
   27   39.026510   -9.130570     53.84
   28   39.073000   -9.187490     53.89
   29   38.970630   -9.366820     53.90
   30   39.015630   -9.306360     53.94
   31   39.064170   -9.415290     53.97
   32   38.972220   -9.313770     53.90
   33   39.057010   -9.309390     53.96
   34   39.100730   -9.318960     53.95
   35   39.058820   -9.248870     53.93
   36   39.058980   -9.362770     53.97
   37   39.019160   -9.249350     53.92
   38   39.011990   -9.363530     53.95
   39   39.104910   -9.377470     53.96
   40   38.972410   -9.260190     53.88
   41   38.970740   -9.420270     53.89
   42   39.009690   -9.423650     53.94
   43   39.104330   -9.259080     53.93
   44   38.797700   -9.228810     53.49
   45   38.920710   -9.023640     53.66
   46   38.929650   -9.144230     53.76
   47   38.841970   -9.080780     53.58
   48   38.882550   -8.881420     53.54
   49   38.925780   -9.087290     53.71
   50   38.839040   -9.212850     53.61
   51   38.883640   -9.145900     53.69
   52   38.838970   -8.880790     53.51
   53   38.837370   -9.142340     53.59
   54   38.885600   -9.205320     53.71
   55   38.792920   -8.918980     53.47
   56   38.928670   -9.205230     53.79
   57   38.798540   -9.172610     53.50
   58   38.794290   -9.092370     53.49
   59   38.929810   -8.886150     53.57
   60   38.887470   -9.075390     53.65
   61   38.615010   -9.210100     52.86
   62   38.618260   -8.964130     53.19
   63   38.710480   -8.915460     53.38
   64   38.660180   -9.027160     53.22
   65   38.657560   -9.092100     53.16
   66   38.659730   -8.911320     53.31
   67   38.660520   -8.969540     53.27
   68   38.753150   -8.918690     53.43
   69   38.658260   -9.199430     53.04
   70   38.614660   -8.907540     53.25
   71   38.749310   -9.179620     53.36
   72   38.754750   -9.094360     53.40
   73   38.654370   -9.143230     53.09
   74   38.713700   -9.133160     53.28
   75   38.704690   -8.979810     53.34
   76   38.710150   -9.187490     53.23
   77   38.744830   -8.982680     53.40
   78   38.611310   -9.143050     52.96
   79   38.614300   -9.025770     53.12
   80   38.616360   -9.084990     53.05
   81   38.737100   -9.410110     53.06
   82   38.747080   -9.238170     53.32
   83   38.779640   -9.270420     53.41
   84   38.690090   -9.426120     52.78
   85   38.708760   -9.485280     52.74
   86   38.781500   -9.496520     53.13
   87   38.825530   -9.323590     53.54
   88   38.785990   -9.381990     53.33
   89   38.823860   -9.265570     53.56
   90   38.739780   -9.472990     52.95
   91   38.740600   -9.355720     53.16
   92   38.774330   -9.441490     53.19
   93   38.698330   -9.367440     52.95
   94   38.775890   -9.329000     53.35
   95   38.704190   -9.245410     53.15
   96   38.659080   -9.251000     52.97
   97   38.676080   -9.326650     52.91
   98   38.745150   -9.297910     53.26
   99   38.704410   -9.311560     53.07
  100   38.826760   -9.395900     53.49
  101   38.919780   -9.424640     53.78
  102   38.913500   -9.259320     53.79
  103   38.871890   -9.391780     53.65
  104   38.914540   -9.316680     53.80
  105   38.871200   -9.327050     53.68
  106   38.866780   -9.450420     53.59
  107   38.875010   -9.263030     53.70
  108   38.915380   -9.381390     53.79
  109   38.821470   -9.472360     53.37
  110   38.722370   -8.535560     53.73
  111   38.613860   -8.838990     53.32
  112   38.711940   -8.652980     53.57
  113   38.758090   -8.696430     53.53
  114   38.754850   -8.595750     53.63
  115   38.669190   -8.779380     53.43
  116   38.618540   -8.655810     53.57
  117   38.712720   -8.775060     53.46
  118   38.620320   -8.722770     53.47
  119   38.748930   -8.830200     53.45
  120   38.674800   -8.533970     53.75
  121   38.758280   -8.528880     53.72
  122   38.670050   -8.594670     53.66
  123   38.623510   -8.604400     53.65
  124   38.622490   -8.538510     53.76
  125   38.664370   -8.710110     53.50
  126   38.619860   -8.776020     53.40
  127   38.707640   -8.589210     53.66
  128   38.754880   -8.645510     53.58
  129   38.709380   -8.831780     53.42
  130   38.664040   -8.833960     53.38
  131   38.664500   -8.642080     53.59
  132   38.720020   -8.715320     53.51
  133   38.936940   -8.748180     53.53
  134   38.811970   -8.720170     53.52
  135   38.883190   -8.682270     53.54
  136   38.886880   -8.735830     53.52
  137   38.940230   -8.796660     53.54
  138   38.873500   -8.804060     53.52
  139   38.838980   -8.611310     53.59
  140   38.843110   -8.746620     53.51
  141   38.793170   -8.622030     53.59
  142   38.887280   -8.545460     53.65
  143   38.809110   -8.796730     53.49
  144   38.802200   -8.549660     53.67
  145   38.835760   -8.851920     53.50
  146   38.935270   -8.621760     53.57
  147   38.796980   -8.696430     53.53
  148   38.895170   -8.843720     53.53
  149   38.787900   -8.847180     53.47
  150   38.883790   -8.614540     53.58
  151   38.936130   -8.853950     53.56
  152   38.842850   -8.681610     53.54
  153   38.928460   -8.673810     53.55
  154   38.843010   -8.535820     53.67
  155   38.852500   -8.773360     53.51
  156   38.925460   -8.552200     53.63
  157   39.142240   -8.586640     53.71
  158   38.725700   -7.988130     54.68
  159   39.535800   -8.636600     54.22
  160   38.169260   -8.645560     53.33
  161   39.453860   -9.201150     53.43
  162   38.051360   -8.435600     53.77
  163   39.437420   -8.918590     53.79
  164   38.245830   -8.234790     54.29
  165   38.448280   -7.800880     54.88
  166   39.336160   -8.417330     54.22
  167   39.694510   -8.130570     55.19
  168   38.569150   -8.189940     54.47
  169   39.173380   -9.048540     53.78
  170   38.442370   -7.381590     54.77
  171   38.246180   -7.783910     54.77
  172   39.077310   -8.187330     54.24
  173   38.739510   -7.584040     54.84
  174   38.566160   -8.900270     53.18
  175   39.360580   -9.407810     53.31
  177   38.491900   -8.523100     53.80
  178   38.322170   -8.005170     54.69
  179   38.840580   -8.519040     53.69
  180   38.452800   -9.106780     52.55
  181   38.894280   -9.091050     53.67
  182   39.367060   -8.011400     54.85
  185   39.189130   -7.622730     54.91
  186   38.916340   -7.654080     54.84
  187   39.031110   -7.107150     54.76
  188   38.839920   -7.258780     54.72
  189   38.094170   -7.446110     54.77
  190   38.012880   -7.873760     54.51
  191   38.228470   -7.153800     54.88
  192   39.575360   -7.630070     55.06
  193   39.313510   -7.360510     54.90
  194   39.687170   -9.002540     53.65
  195   37.794740   -7.450520     54.55
  196   37.243490   -7.739010     52.82
  197   37.700360   -7.761590     54.29
  198   37.881550   -8.167590     54.14
  199   37.283540   -8.860220     52.96
  200   37.085510   -8.951810     51.99
  201   37.088110   -8.718550     52.34
  202   37.186560   -7.487360     52.40
  203   37.794400   -8.718790     53.33
  204   37.964400   -7.284310     54.78
  205   37.315590   -8.596450     53.46
  206   37.929700   -7.593480     54.61
  207   37.101140   -7.933070     52.02
  208   37.370740   -8.080360     53.48
  209   37.138360   -8.394570     52.55
  210   37.507280   -8.716790     53.60
  211   37.618400   -8.072680     54.06
  212   37.614990   -8.386380     53.96
  213   37.148670   -8.791020     52.60
  214   38.725830   -9.456670     52.91
  215   38.823890   -9.445560     53.42
  233   38.950280   -9.394720     53.86
  235   38.744110   -9.392810     53.12
  236   39.006390   -9.390560     53.95
  237   39.124440   -9.390000     53.94
  239   39.090830   -9.386940     53.96
  241   38.762690   -9.384750     53.22
  254   38.824830   -9.358020     53.51
  259   38.989720   -9.346110     53.93
  261   39.193330   -9.341670     53.84
  262   39.378610   -9.341390     53.37
  263   38.845970   -9.333550     53.60
  266   38.906080   -9.329070     53.77
  268   38.936980   -9.327260     53.84
  276   39.131670   -9.319440     53.93
  278   39.312780   -9.318890     53.58
  286   39.275280   -9.296940     53.69
  289   39.219440   -9.295830     53.80
  290   39.066940   -9.292220     53.95
  291   39.179440   -9.291940     53.87
  295   39.381670   -9.284440     53.45
  296   39.345280   -9.282500     53.54
  297   38.891390   -9.281940     53.74
  299   39.019750   -9.280100     53.94
  308   38.747500   -9.273890     53.29
  310   39.048690   -9.270750     53.94
  312   39.132500   -9.269440     53.92
  318   39.254440   -9.264170     53.75
  345   39.354170   -9.239440     53.57
  347   39.123690   -9.237000     53.91
  348   39.182500   -9.234170     53.86
  349   39.316670   -9.234170     53.65
  352   38.782220   -9.231110     53.44
  353   38.671070   -9.231100     53.04
  354   39.095560   -9.230560     53.92
  355   39.228890   -9.230280     53.80
  356   38.727500   -9.227220     53.26
  357   39.017500   -9.225280     53.90
  358   38.694420   -9.220540     53.14
  359   39.155710   -9.218880     53.88
  360   38.415560   -9.216390     52.14
  363   39.283610   -9.209440     53.72
  366   38.823330   -9.204440     53.57
  367   39.054170   -9.199440     53.90
  368   38.447500   -9.199440     52.29
  370   39.412500   -9.197220     53.51
  371   38.588610   -9.197220     52.79
  373   38.898330   -9.194170     53.73
  376   38.962220   -9.189720     53.83
  378   38.628890   -9.184440     52.95
  379   39.189390   -9.183100     53.84
  382   39.325040   -9.178720     53.67
  383   38.542220   -9.177500     52.66
  389   39.209930   -9.171710     53.81
  392   39.017780   -9.170000     53.86
  394   39.106110   -9.168330     53.88
  399   39.290590   -9.160720     53.72
  401   39.252890   -9.159240     53.77
  402   39.135280   -9.158610     53.86
  413   38.986670   -9.150830     53.83
  416   38.686290   -9.146460     53.19
  419   39.060280   -9.142780     53.86
  420   39.185280   -9.142500     53.82
  422   39.399540   -9.135150     53.60
  430   39.519720   -9.131670     53.47
  431   39.433080   -9.130450     53.57
  436   39.141110   -9.125830     53.84
  439   38.516670   -9.121940     52.70
  440   38.782180   -9.120770     53.47
  441   38.865560   -9.120280     53.64
  444   38.901390   -9.116940     53.70
  449   39.324170   -9.109170     53.70
  453   39.284170   -9.106670     53.74
  454   38.642070   -9.104850     53.10
  456   38.775310   -9.104430     53.45
  460   39.027780   -9.102220     53.81
  461   39.237220   -9.101670     53.77
  465   39.186390   -9.096940     53.80
  467   39.497750   -9.095630     53.55
  470   39.100560   -9.093610     53.82
  476   39.552500   -9.089170     53.53
  479   38.520830   -9.084170     52.79
  482   39.421390   -9.081390     53.64
  484   39.048060   -9.077780     53.80
  486   38.663490   -9.074740     53.19
  488   39.365280   -9.073330     53.68
  490   38.563060   -9.071670     52.92
  491   39.606390   -9.070560     53.53
  497   38.488330   -9.056670     52.75
  499   39.470560   -9.053330     53.64
  500   38.964170   -9.052220     53.72
  501   39.655280   -9.050280     53.56
  507   39.488060   -9.038330     53.65
  510   39.141940   -9.032500     53.77
  512   39.290560   -9.031110     53.74
  514   39.369720   -9.026940     53.71
  515   39.416110   -9.026390     53.69
  516   39.568060   -9.022220     53.64
  519   38.503890   -9.020830     52.86
  520   39.234440   -9.015000     53.75
  524   39.320000   -9.009440     53.73
  527   38.611390   -9.005560     53.13
  529   39.625000   -9.004170     53.66
  530   39.765560   -9.003890     53.64
  532   39.060830   -9.002220     53.73
  534   39.108330   -8.999170     53.74
  535   37.023420   -8.995840     51.58
  536   39.473060   -8.995560     53.71
  538   39.373610   -8.992780     53.73
  539   38.475560   -8.992500     52.86
  540   39.534580   -8.992330     53.70
  541   38.658610   -8.988610     53.25
  548   39.022270   -8.977650     53.69
  549   38.870830   -8.976670     53.57
  557   39.162500   -8.970830     53.73
  558   39.831110   -8.970830     53.70
  559   38.546390   -8.969170     53.05
  561   39.205830   -8.967500     53.73
  562   39.613060   -8.961390     53.75
  564   38.755460   -8.957670     53.43
  565   37.035640   -8.954070     51.73
  567   38.927500   -8.951390     53.61
  568   37.001000   -8.948290     51.55
  569   39.278330   -8.946670     53.74
  571   39.889170   -8.945560     53.74
  573   39.550160   -8.941340     53.78
  575   38.740830   -8.938610     53.41
  576   38.533610   -8.938610     53.07
  578   39.340280   -8.937780     53.75
  579   37.047630   -8.937550     51.83
  580   38.600000   -8.937220     53.19
  581   39.671670   -8.936670     53.79
  587   39.413060   -8.934440     53.77
  594   39.738890   -8.925560     53.81
  596   39.151390   -8.924720     53.70
  598   39.479170   -8.922220     53.80
  600   39.927220   -8.921390     53.78
  605   37.130280   -8.919560     52.27
  608   37.196330   -8.916610     52.54
  609   39.107500   -8.914440     53.68
  611   38.629510   -8.913150     53.26
  612   39.806670   -8.913060     53.82
  613   39.234720   -8.912220     53.72
  614   39.203890   -8.910000     53.71
  618   39.317780   -8.905560     53.75
  619   37.035880   -8.905360     51.82
  620   38.969170   -8.905000     53.61
  621   37.111090   -8.904580     52.22
  625   39.271110   -8.899440     53.74
  628   37.183730   -8.895810     52.55
  629   39.615830   -8.895560     53.87
  634   39.858330   -8.890560     53.86
  635   39.504170   -8.888330     53.85
  636   39.958330   -8.886940     53.83
  637   38.864720   -8.886670     53.53
  641   38.529820   -8.883170     53.15
  643   37.138270   -8.878960     52.40
  644   39.001670   -8.878890     53.61
  646   37.219050   -8.877620     52.72
  651   38.583610   -8.871110     53.25
  653   37.100110   -8.869850     52.23
  657   39.549720   -8.867500     53.89
  658   37.955270   -8.866890     52.76
  662   37.198490   -8.863560     52.68
  667   38.647220   -8.856670     53.34
  668   38.554720   -8.856110     53.23
  669   37.234860   -8.854830     52.83
  670   39.088990   -8.854660     53.63
  673   39.234720   -8.850280     53.72
  675   37.339940   -8.846880     53.13
  676   39.468330   -8.846390     53.88
  677   39.638400   -8.846050     53.96
  678   37.100210   -8.845930     52.27
  681   39.810740   -8.843540     53.96
  682   39.419170   -8.843060     53.85
  683   39.891940   -8.843060     53.94
  684   39.207220   -8.843060     53.70
  686   39.377220   -8.840830     53.82
  688   39.830800   -8.840160     53.96
  690   37.255250   -8.839150     52.94
  691   39.862700   -8.838890     53.96
  692   39.314720   -8.838330     53.77
  694   39.797210   -8.836250     53.98
  700   37.954420   -8.834960     52.85
  701   37.214330   -8.834630     52.81
  702   39.675730   -8.834500     53.99
  704   39.499720   -8.833330     53.91
  705   39.163330   -8.833330     53.67
  735   39.722120   -8.831110     54.00
  739   37.132110   -8.828710     52.46
  742   39.659630   -8.827230     54.00
  743   38.431670   -8.826670     53.12
  744   37.154170   -8.826390     52.57
  746   38.726390   -8.824720     53.44
  747   39.767980   -8.824700     54.01
  749   38.791940   -8.824170     53.48
  751   39.288330   -8.822220     53.76
  753   39.909500   -8.821280     53.97
  756   37.598630   -8.816100     53.31
  759   37.092670   -8.812720     52.28
  760   37.260600   -8.812600     53.01
  762   37.312260   -8.807310     53.17
  766   39.068610   -8.804720     53.60
  767   38.601670   -8.803890     53.35
  768   38.753330   -8.803890     53.46
  772   37.345540   -8.801590     53.25
  773   39.988670   -8.801350     53.98
  774   37.283880   -8.801350     53.11
  776   37.235360   -8.798660     52.96
  778   39.484440   -8.797780     53.95
  779   37.917360   -8.797610     52.99
  783   37.106480   -8.794880     52.38
  784   37.381200   -8.794870     53.33
  785   39.622220   -8.793890     54.04
  786   39.586670   -8.793610     54.02
  788   38.682220   -8.793060     53.43
  789   37.880660   -8.792530     53.04
  790   39.205280   -8.792500     53.69
  791   39.818610   -8.791940     54.06
  794   39.545830   -8.791390     54.00
  796   39.899720   -8.788330     54.04
  798   37.525170   -8.787630     53.43
  799   37.565560   -8.787220     53.42
  800   37.853130   -8.786600     53.09
  801   37.787980   -8.786430     53.17
  802   37.091290   -8.786300     52.30
  803   39.953370   -8.786200     54.02
  805   38.112890   -8.785650     52.95
  806   37.744110   -8.784920     53.23
  808   39.234170   -8.783890     53.72
  809   38.393890   -8.783610     53.17
  810   37.984690   -8.783140     52.98
  811   37.723450   -8.782040     53.27
  812   38.965280   -8.780560     53.55
  813   37.219260   -8.780240     52.93
  814   39.414170   -8.779720     53.90
  815   37.076300   -8.778130     52.23
  816   39.513610   -8.777500     54.00
  820   38.788060   -8.776110     53.49
  823   37.139930   -8.775160     52.58
  824   38.339170   -8.774440     53.14
  825   37.898320   -8.773210     53.07
  826   37.702160   -8.772190     53.32
  828   39.456390   -8.770560     53.95
  829   37.433300   -8.770190     53.45
  832   38.547780   -8.767780     53.36
  835   38.644720   -8.765280     53.43
  836   39.378060   -8.763890     53.88
  838   37.445590   -8.760600     53.48
  839   39.275000   -8.760560     53.76
  841   37.528290   -8.759560     53.50
  842   37.654990   -8.759390     53.41
  843   39.708610   -8.758890     54.13
  844   37.695310   -8.758760     53.37
  845   37.817800   -8.758640     53.20
  847   39.671940   -8.758060     54.12
  848   39.082780   -8.757780     53.60
  849   37.751700   -8.756850     53.30
  850   37.461970   -8.755190     53.50
  851   38.049190   -8.754090     53.03
  852   39.783060   -8.753610     54.14
  854   37.865630   -8.751820     53.16
  855   39.865830   -8.751390     54.12
  856   37.178760   -8.751320     52.79
  857   39.334720   -8.750830     53.84
  858   37.126760   -8.748430     52.54
  859   38.738060   -8.746940     53.49
  861   38.573290   -8.745800     53.41
  862   37.600320   -8.744280     53.50
  863   37.292780   -8.743610     53.24
  865   38.908610   -8.742780     53.53
  867   39.922500   -8.739720     54.12
  868   38.303170   -8.736950     53.19
  869   38.608890   -8.736940     53.45
  870   39.193640   -8.735640     53.69
  871   37.509680   -8.734440     53.56
  872   37.549090   -8.734300     53.56
  873   39.042220   -8.734170     53.57
  875   37.478100   -8.733360     53.56
  877   38.998330   -8.732780     53.55
  878   38.252500   -8.732180     53.16
  879   37.156000   -8.732060     52.70
  880   38.141330   -8.730650     53.10
  884   38.111780   -8.728340     53.10
  885   37.750010   -8.727570     53.37
  889   38.193940   -8.726450     53.14
  891   37.126280   -8.724330     52.55
  892   37.870780   -8.724290     53.23
  893   37.838580   -8.724250     53.27
  894   38.277700   -8.724090     53.20
  895   37.614510   -8.723710     53.54
  897   39.984720   -8.723330     54.12
  901   37.349170   -8.720830     53.42
  902   37.209170   -8.720280     52.96
  903   39.129720   -8.720280     53.63
  910   38.453060   -8.717780     53.37
  912   39.622500   -8.717500     54.17
  919   38.039360   -8.713790     53.14
  920   37.245000   -8.713610     53.12
  921   39.381390   -8.713060     53.92
  922   37.560200   -8.713030     53.60
  926   38.010650   -8.710990     53.15
  927   39.729720   -8.710830     54.22
  929   37.851080   -8.710450     53.28
  934   37.935150   -8.709340     53.20
  935   39.104740   -8.709160     53.61
  942   39.779720   -8.706390     54.23
  947   39.276590   -8.705020     53.79
  948   39.565280   -8.705000     54.15
  950   37.730560   -8.704440     53.45
  951   39.410000   -8.703890     53.97
  952   39.512780   -8.703610     54.10
  954   38.408610   -8.702780     53.37
  957   37.127640   -8.702050     52.57
  962   37.704720   -8.700000     53.49
  963   38.538890   -8.699720     53.47
  967   38.682780   -8.698330     53.52
  970   38.162800   -8.697780     53.19
  973   39.846940   -8.696940     54.23
  975   37.603710   -8.696500     53.61
  981   37.997540   -8.694850     53.20
  986   38.017070   -8.692660     53.20
  992   39.355560   -8.691390     53.91
  993   37.898090   -8.691370     53.28
  995   38.926390   -8.690000     53.54
  998   37.116730   -8.689080     52.52
 1003   38.581900   -8.687190     53.51
 1005   39.675280   -8.686670     54.25
 1008   37.310280   -8.685560     53.37
 1013   37.420560   -8.684170     53.60
 1014   37.820130   -8.683870     53.38
 1021   39.470830   -8.679720     54.08
 1023   38.068470   -8.678890     53.22
 1025   39.306960   -8.678800     53.85
 1028   38.473200   -8.677000     53.47
 1029   37.180830   -8.676670     52.87
 1032   39.723330   -8.675830     54.29
 1037   37.802180   -8.674770     53.42
 1039   37.968060   -8.674170     53.26
 1046   39.140000   -8.672500     53.65
 1047   38.310280   -8.672140     53.36
 1049   39.058610   -8.671390     53.59
 1050   39.876940   -8.671110     54.27
 1052   38.561940   -8.670830     53.53
 1059   38.423060   -8.668610     53.45
 1060   39.579440   -8.668610     54.22
 1068   39.322220   -8.663850     53.89
 1069   39.347410   -8.663530     53.92
 1070   37.716510   -8.663430     53.56
 1071   37.463610   -8.663060     53.68
 1072   37.771880   -8.662470     53.49
 1073   37.595200   -8.662370     53.68
 1077   39.375890   -8.661000     53.97
 1082   37.682160   -8.658920     53.61
 1085   39.956940   -8.654720     54.27
 1086   38.833890   -8.654720     53.56
 1089   37.150300   -8.653490     52.72
 1090   38.133640   -8.653090     53.30
 1091   37.858330   -8.653060     53.41
 1093   37.986430   -8.652710     53.31
 1096   38.968610   -8.649720     53.56
 1097   38.249950   -8.649200     53.37
 1098   39.786670   -8.648890     54.34
 1100   39.621110   -8.648330     54.29
 1102   37.596370   -8.645760     53.71
 1105   39.020560   -8.645560     53.58
 1108   39.112780   -8.643330     53.64
 1110   39.815000   -8.643060     54.35
 1111   37.130950   -8.643030     52.61
 1112   37.232220   -8.642780     53.12
 1113   38.089300   -8.642140     53.31
 1116   37.891110   -8.639720     53.40
 1117   38.504720   -8.639720     53.56
 1118   38.485000   -8.639170     53.56
 1120   38.723330   -8.637500     53.59
 1124   37.632750   -8.636890     53.69
 1126   39.425910   -8.634440     54.08
 1127   39.748060   -8.634170     54.37
 1128   37.990560   -8.634170     53.35
 1129   38.204580   -8.632950     53.38
 1130   37.276940   -8.632500     53.31
 1131   37.492500   -8.631110     53.74
 1134   37.780560   -8.629170     53.55
 1135   37.183330   -8.628890     52.90
 1137   37.615750   -8.626880     53.72
 1139   39.212080   -8.625210     53.76
 1140   37.941390   -8.624720     53.40
 1142   37.750280   -8.623890     53.59
 1145   39.185560   -8.621670     53.73
 1146   38.911940   -8.621670     53.57
 1147   38.866390   -8.620280     53.58
 1148   38.662300   -8.619040     53.62
 1149   38.697220   -8.618890     53.62
 1151   39.278330   -8.617500     53.86
 1152   39.390280   -8.617220     54.04
 1155   37.401670   -8.616390     53.66
 1156   38.397500   -8.616390     53.55
 1157   37.160360   -8.614160     52.78
 1161   37.604130   -8.610410     53.76
 1162   39.680000   -8.609720     54.40
 1164   39.890000   -8.607780     54.40
 1165   39.513330   -8.607780     54.24
 1166   39.723890   -8.606940     54.42
 1167   37.956720   -8.606450     53.43
 1168   38.441940   -8.605000     53.61
 1169   38.231060   -8.604530     53.47
 1171   37.505560   -8.603610     53.78
 1172   39.661110   -8.603610     54.40
 1173   37.554170   -8.600560     53.79
 1175   39.327780   -8.598890     53.96
 1178   37.905560   -8.597780     53.48
 1180   37.227950   -8.597080     53.12
 1181   37.194270   -8.596880     52.96
 1183   39.603610   -8.595560     54.37
 1184   39.015560   -8.595560     53.61
 1185   38.481040   -8.594270     53.65
 1186   38.067920   -8.592690     53.43
 1187   39.785280   -8.591940     54.45
 1188   39.232220   -8.590830     53.82
 1189   39.941670   -8.590280     54.41
 1190   38.140610   -8.590110     53.45
 1192   37.212880   -8.589400     53.05
 1193   38.796390   -8.589170     53.63
 1196   38.888330   -8.586940     53.60
 1197   39.576110   -8.585560     54.35
 1198   38.597220   -8.585000     53.68
 1199   39.847220   -8.584720     54.46
 1201   39.475560   -8.581750     54.22
 1202   37.251110   -8.581670     53.22
 1203   38.955830   -8.580000     53.61
 1204   37.817030   -8.578300     53.60
 1205   38.565280   -8.577500     53.70
 1208   37.719440   -8.575280     53.71
 1209   39.444720   -8.573610     54.19
 1210   38.738330   -8.573060     53.67
 1212   37.438610   -8.570000     53.75
 1213   38.679080   -8.569890     53.69
 1215   37.125190   -8.568100     52.58
 1216   39.076110   -8.567500     53.66
 1217   38.852220   -8.565280     53.63
 1218   37.234950   -8.565050     53.15
 1219   37.871110   -8.565000     53.57
 1222   37.598160   -8.563710     53.82
 1223   37.779720   -8.563610     53.67
 1224   39.042780   -8.563330     53.65
 1226   37.846390   -8.562220     53.60
 1228   37.574170   -8.560830     53.83
 1229   38.263590   -8.560140     53.60
 1231   39.741110   -8.557780     54.52
 1232   38.117690   -8.557410     53.52
 1233   39.276110   -8.557220     53.92
 1235   37.318820   -8.555760     53.48
 1236   37.206560   -8.554550     53.02
 1237   37.285530   -8.554120     53.37
 1238   37.943890   -8.552500     53.55
 1239   38.180640   -8.552490     53.56
 1240   39.876940   -8.552220     54.52
 1242   39.972780   -8.551940     54.47
 1243   37.653660   -8.551640     53.81
 1244   37.975360   -8.551540     53.54
 1246   37.497500   -8.550280     53.83
 1248   39.685000   -8.548890     54.51
 1249   37.397500   -8.546670     53.69
 1250   37.244360   -8.546550     53.20
 1252   37.359870   -8.543880     53.61
 1253   37.166180   -8.541960     52.80
 1255   37.927460   -8.541410     53.58
 1256   39.920280   -8.540280     54.52
 1257   39.106670   -8.540280     53.71
 1261   37.525280   -8.537780     53.85
 1262   38.555280   -8.536390     53.78
 1263   39.613330   -8.536390     54.48
 1266   38.786110   -8.535280     53.70
 1267   39.165000   -8.534720     53.78
 1268   39.490530   -8.534350     54.32
 1271   39.525440   -8.531650     54.38
 1275   38.871110   -8.530560     53.67
 1278   39.242500   -8.529720     53.89
 1279   37.200120   -8.529560     52.98
 1280   38.992780   -8.529440     53.66
 1282   38.309480   -8.529360     53.70
 1283   39.760830   -8.528890     54.58
 1284   39.348890   -8.528060     54.08
 1285   37.969440   -8.527780     53.59
 1286   38.226090   -8.527550     53.65
 1288   37.436670   -8.526940     53.77
 1289   37.708610   -8.526670     53.79
 1292   38.902220   -8.526110     53.66
 1295   38.957180   -8.523570     53.66
 1297   38.372090   -8.522960     53.75
 1298   37.815380   -8.522150     53.70
 1299   39.564170   -8.521940     54.45
 1300   39.647220   -8.521670     54.54
 1301   37.750280   -8.521670     53.76
 1303   38.417780   -8.521110     53.78
 1306   38.076860   -8.519500     53.60
 1309   37.610120   -8.517110     53.87
 1311   39.801110   -8.516670     54.60
 1312   39.202220   -8.516110     53.85
 1313   39.834170   -8.514170     54.61
 1316   37.582780   -8.511670     53.88
 1317   37.376450   -8.511400     53.66
 1318   38.288200   -8.510720     53.73
 1319   37.208760   -8.510630     53.02
 1321   39.430560   -8.506940     54.26
 1324   37.288330   -8.503890     53.37
 1325   37.897500   -8.503610     53.67
 1327   38.146640   -8.501080     53.66
 1329   37.109530   -8.499920     52.45
 1331   37.495970   -8.497730     53.86
 1334   37.692040   -8.494510     53.85
 1337   38.805830   -8.492780     53.75
 1339   38.891670   -8.491390     53.71
 1340   38.413610   -8.491110     53.85
 1343   37.333610   -8.489720     53.53
 1344   38.714170   -8.489440     53.81
 1345   38.098390   -8.489250     53.67
 1346   37.591460   -8.488410     53.90
 1347   37.189290   -8.488060     52.91
 1349   37.549880   -8.487840     53.90
 1350   37.443600   -8.487540     53.80
 1351   38.510830   -8.487500     53.88
 1352   37.962780   -8.486940     53.67
 1353   39.203060   -8.486940     53.89
 1354   39.021940   -8.486670     53.72
 1357   37.392860   -8.485210     53.70
 1359   39.360000   -8.481670     54.17
 1360   37.496080   -8.481400     53.87
 1361   39.691390   -8.481110     54.64
 1362   38.181830   -8.481080     53.73
 1363   39.947220   -8.480830     54.64
 1364   38.376260   -8.480440     53.86
 1365   37.763610   -8.479720     53.81
 1366   39.467220   -8.479440     54.37
 1367   38.249110   -8.478690     53.78
 1369   39.900560   -8.476940     54.67
 1370   37.512830   -8.476070     53.88
 1371   39.753610   -8.475280     54.68
 1373   38.853890   -8.474720     53.75
 1374   38.593060   -8.473330     53.90
 1375   39.405560   -8.471110     54.27
 1376   39.520830   -8.471110     54.47
 1378   37.611940   -8.469170     53.91
 1379   37.133640   -8.468130     52.58
 1380   38.680750   -8.467470     53.87
 1381   39.297220   -8.467220     54.07
 1382   38.274780   -8.467210     53.82
 1383   39.649720   -8.466670     54.64
 1384   39.860830   -8.465830     54.70
 1385   37.252630   -8.464220     53.21
 1386   37.660000   -8.463890     53.90
 1387   39.052780   -8.463610     53.76
 1388   38.128080   -8.462880     53.74
 1389   39.166940   -8.462780     53.87
 1390   39.245830   -8.462220     53.99
 1391   39.311940   -8.461110     54.10
 1392   39.814170   -8.458610     54.72
 1393   38.335000   -8.458460     53.88
 1394   38.918610   -8.458330     53.75
 1395   37.833270   -8.458330     53.78
 1396   37.785560   -8.458060     53.82
 1400   39.104720   -8.456670     53.81
 1401   37.880560   -8.456670     53.76
 1402   37.166730   -8.455590     52.76
 1403   37.981380   -8.455170     53.72
 1404   37.187380   -8.454470     52.88
 1405   39.595830   -8.454440     54.61
 1406   37.373060   -8.454170     53.65
 1409   38.470000   -8.449720     53.96
 1410   37.101970   -8.448560     52.37
 1413   38.567780   -8.444170     53.96
 1414   38.814720   -8.444170     53.82
 1415   37.933640   -8.443720     53.76
 1418   37.711580   -8.440570     53.89
 1420   37.189910   -8.438740     52.88
 1421   38.955560   -8.436390     53.78
 1423   38.613610   -8.435560     53.96
 1427   39.216670   -8.434440     53.98
 1428   37.597500   -8.434170     53.94
 1430   39.645000   -8.430830     54.70
 1431   38.869170   -8.428890     53.81
 1432   38.214060   -8.428020     53.87
 1434   37.768610   -8.427220     53.87
 1435   37.549720   -8.426110     53.93
 1436   38.231860   -8.425210     53.89
 1437   38.662320   -8.425080     53.96
 1438   37.866000   -8.424840     53.81
 1439   38.339560   -8.424490     53.96
 1441   38.312110   -8.423270     53.95
 1443   37.970280   -8.421670     53.79
 1444   39.005280   -8.421390     53.80
 1445   39.380830   -8.419440     54.30
 1446   39.514720   -8.418610     54.55
 1447   39.775000   -8.418330     54.80
 1449   39.716670   -8.416390     54.78
 1450   39.597790   -8.416210     54.67
 1453   39.464440   -8.415280     54.47
 1454   38.776940   -8.415280     53.89
 1455   39.985560   -8.415000     54.77
 1457   37.223010   -8.414770     53.04
 1458   38.387950   -8.414460     54.01
 1459   39.242220   -8.414170     54.05
 1460   39.929720   -8.413060     54.79
 1463   39.828610   -8.411110     54.82
 1465   37.898660   -8.410190     53.82
 1466   38.174610   -8.410100     53.88
 1467   39.095830   -8.410000     53.87
 1468   39.306940   -8.410000     54.17
 1470   39.678330   -8.405830     54.77
 1471   37.732240   -8.404720     53.92
 1472   37.807220   -8.404440     53.87
 1474   37.265560   -8.403330     53.24
 1476   38.898890   -8.402500     53.84
 1477   39.872780   -8.401940     54.83
 1478   38.733330   -8.400830     53.95
 1481   37.210560   -8.393200     52.96
 1482   37.304440   -8.392780     53.40
 1483   38.424720   -8.392780     54.07
 1484   39.614500   -8.391480     54.74
 1485   39.413330   -8.390280     54.41
 1487   37.163830   -8.389130     52.70
 1488   38.529170   -8.388890     54.09
 1489   38.655680   -8.387540     54.03
 1490   37.193280   -8.387120     52.86
 1491   39.161110   -8.386940     53.97
 1493   38.012190   -8.385980     53.85
 1494   39.058330   -8.385560     53.88
 1495   38.828060   -8.385560     53.91
 1496   38.481390   -8.385280     54.10
 1497   37.954990   -8.384160     53.85
 1498   37.990010   -8.383190     53.86
 1499   39.825530   -8.383090     54.87
 1500   37.650000   -8.382500     53.96
 1502   39.201940   -8.380560     54.04
 1504   39.991260   -8.378740     54.85
 1505   37.362360   -8.377870     53.60
 1506   37.684170   -8.376940     53.96
 1509   37.216040   -8.376070     52.98
 1510   39.567500   -8.375830     54.70
 1513   38.116310   -8.374680     53.92
 1515   39.282500   -8.372780     54.18
 1516   39.935860   -8.372700     54.88
 1522   39.921040   -8.370130     54.89
 1523   39.744950   -8.370110     54.88
 1524   38.773010   -8.369120     53.98
 1528   39.380000   -8.368330     54.38
 1535   37.973330   -8.366110     53.88
 1536   38.069970   -8.366020     53.91
 1537   38.257920   -8.365850     54.04
 1538   38.190310   -8.365820     53.99
 1539   39.727290   -8.365050     54.88
 1540   38.941670   -8.365000     53.89
 1543   38.141860   -8.364240     53.96
 1544   38.649080   -8.363680     54.08
 1545   37.444720   -8.363610     53.80
 1546   38.566670   -8.363610     54.13
 1551   37.101640   -8.361210     52.30
 1559   39.316110   -8.359170     54.27
 1562   37.934050   -8.355950     53.90
 1563   38.436110   -8.354720     54.16
 1568   38.350030   -8.353960     54.13
 1570   37.836110   -8.353330     53.92
 1576   39.096390   -8.350830     53.96
 1577   38.391090   -8.350090     54.15
 1579   38.747780   -8.349720     54.04
 1583   38.793610   -8.348890     54.00
 1584   37.880830   -8.348610     53.92
 1585   37.910280   -8.348330     53.91
 1586   39.844470   -8.348180     54.94
 1587   39.827510   -8.347760     54.94
 1589   39.030000   -8.347500     53.93
 1596   38.631390   -8.345560     54.13
 1599   37.505000   -8.344720     53.90
 1600   39.229170   -8.344170     54.14
 1603   37.174480   -8.342710     52.72
 1605   38.987780   -8.342220     53.93
 1606   39.623060   -8.341940     54.83
 1607   38.887500   -8.341390     53.95
 1608   38.308030   -8.341230     54.13
 1609   37.779300   -8.340600     53.96
 1610   37.231550   -8.339740     53.03
 1611   37.392350   -8.339690     53.67
 1612   37.330330   -8.339390     53.47
 1613   37.633890   -8.338890     53.99
 1617   38.020680   -8.336480     53.94
 1618   38.506940   -8.335830     54.20
 1619   37.588610   -8.335830     53.98
 1621   38.126560   -8.334460     54.00
 1622   37.538890   -8.334440     53.94
 1623   39.507220   -8.334170     54.67
 1625   39.932780   -8.333060     54.96
 1626   39.412780   -8.332220     54.50
 1627   39.472470   -8.332160     54.61
 1628   38.482220   -8.331940     54.21
 1630   37.762780   -8.330830     53.97
 1636   37.724170   -8.324440     53.99
 1638   37.432280   -8.322290     53.77
 1639   37.452850   -8.321990     53.81
 1640   38.712220   -8.317500     54.13
 1641   39.161940   -8.317500     54.08
 1643   37.157160   -8.316420     52.60
 1646   37.249610   -8.314340     53.10
 1647   37.974170   -8.313890     53.97
 1648   39.383060   -8.310280     54.48
 1649   38.839720   -8.310280     54.04
 1650   39.743330   -8.309440     54.99
 1652   37.481860   -8.308850     53.86
 1653   37.669170   -8.308610     54.01
 1657   39.901110   -8.306390     55.02
 1658   38.252500   -8.306230     54.16
 1659   38.754440   -8.305280     54.12
 1660   38.390700   -8.304980     54.25
 1664   38.566670   -8.302220     54.26
 1665   39.244170   -8.302220     54.23
 1666   37.197030   -8.301690     52.82
 1667   39.301670   -8.300280     54.33
 1668   37.500670   -8.300180     53.89
 1670   38.509440   -8.300000     54.28
 1671   37.633060   -8.299720     54.00
 1672   37.080210   -8.299560     52.10
 1673   39.484440   -8.299440     54.69
 1674   37.291710   -8.298120     53.28
 1675   39.770830   -8.298060     55.02
 1676   39.051670   -8.296940     54.02
 1679   37.383610   -8.293610     53.62
 1680   37.807290   -8.293360     54.00
 1681   39.520830   -8.293060     54.76
 1682   38.598610   -8.293060     54.26
 1683   38.467500   -8.292220     54.29
 1684   38.150920   -8.292090     54.10
 1686   39.010830   -8.289720     54.02
 1687   38.284090   -8.289590     54.22
 1688   37.912300   -8.288590     54.00
 1689   38.078800   -8.287820     54.06
 1690   39.435830   -8.287780     54.61
 1691   37.250680   -8.287500     53.09
 1692   37.218350   -8.286620     52.92
 1695   39.870830   -8.284720     55.06
 1696   38.328730   -8.282730     54.26
 1697   39.337780   -8.282500     54.43
 1698   38.433330   -8.280280     54.31
 1699   37.128870   -8.280010     52.40
 1700   38.810830   -8.277500     54.12
 1701   39.808060   -8.277500     55.07
 1703   39.183610   -8.276670     54.18
 1704   37.735000   -8.276110     54.02
 1705   37.883610   -8.276110     54.01
 1706   38.650010   -8.275680     54.26
 1708   37.151270   -8.272910     52.53
 1709   38.896390   -8.272500     54.08
 1710   37.432500   -8.271670     53.75
 1711   37.843330   -8.271670     54.02
 1713   37.538340   -8.271300     53.94
 1715   37.092430   -8.270870     52.16
 1717   39.966670   -8.270560     55.09
 1718   38.964440   -8.270280     54.06
 1719   39.593890   -8.269440     54.91
 1721   38.125610   -8.268620     54.13
 1722   37.173360   -8.268530     52.65
 1723   37.601390   -8.267500     54.00
 1724   39.145280   -8.266110     54.15
 1725   38.722220   -8.265280     54.22
 1730   39.288610   -8.261110     54.37
 1731   39.213610   -8.261110     54.25
 1732   39.095830   -8.260560     54.12
 1733   37.577360   -8.260380     53.98
 1734   38.214390   -8.259260     54.22
 1737   39.377500   -8.253890     54.55
 1740   37.128300   -8.251060     52.37
 1741   38.168030   -8.250670     54.19
 1742   38.367920   -8.250530     54.35
 1743   37.244500   -8.249880     53.03
 1745   37.981110   -8.248330     54.07
 1748   37.178630   -8.247320     52.67
 1750   39.427780   -8.246940     54.66
 1752   37.944440   -8.246670     54.06
 1754   37.836100   -8.245920     54.05
 1756   39.495000   -8.242780     54.79
 1757   37.301390   -8.242780     53.29
 1760   38.515280   -8.240000     54.40
 1762   39.995000   -8.237780     55.15
 1764   39.576390   -8.235560     54.93
 1765   37.800280   -8.235560     54.05
 1768   37.711110   -8.234720     54.05
 1769   37.478890   -8.233890     53.84
 1770   38.079250   -8.233700     54.15
 1771   39.908610   -8.233060     55.16
 1772   38.919720   -8.230830     54.14
 1773   38.785000   -8.230830     54.23
 1774   37.638440   -8.230820     54.03
 1775   38.041940   -8.230560     54.13
 1776   38.295920   -8.229950     54.34
 1777   39.830560   -8.229720     55.15
 1779   39.066670   -8.229170     54.16
 1781   37.209340   -8.228470     52.82
 1782   37.765000   -8.228060     54.06
 1783   37.155440   -8.227540     52.52
 1785   39.653610   -8.226390     55.04
 1787   38.845560   -8.224720     54.20
 1788   38.603330   -8.224720     54.39
 1789   37.652150   -8.224660     54.04
 1791   37.088390   -8.222140     52.09
 1794   39.020000   -8.219720     54.15
 1796   38.647190   -8.218390     54.37
 1798   37.519440   -8.216940     53.91
 1800   39.255830   -8.215560     54.39
 1801   39.944440   -8.215280     55.19
 1802   38.751940   -8.215000     54.29
 1805   39.171940   -8.213060     54.28
 1806   38.455560   -8.213060     54.45
 1807   38.561390   -8.213060     54.43
 1809   38.988890   -8.212220     54.17
 1810   37.892380   -8.211890     54.09
 1811   39.861390   -8.211390     55.19
 1812   37.177230   -8.211000     52.63
 1817   39.535560   -8.206670     54.91
 1818   37.231430   -8.206400     52.93
 1819   38.123860   -8.204450     54.23
 1822   39.111670   -8.201390     54.24
 1823   38.218250   -8.200860     54.33
 1825   39.333330   -8.199720     54.55
 1827   39.405560   -8.198060     54.69
 1829   39.463670   -8.195850     54.80
 1830   37.841350   -8.193980     54.10
 1832   38.492220   -8.192780     54.49
 1833   38.241080   -8.189840     54.37
 1835   39.968330   -8.187780     55.25
 1839   37.621670   -8.186940     54.03
 1840   38.710560   -8.186670     54.38
 1841   37.263890   -8.183610     53.07
 1842   37.161270   -8.182910     52.52
 1844   37.791940   -8.181670     54.10
 1845   38.358700   -8.181640     54.47
 1846   39.697220   -8.181110     55.14
 1847   37.708610   -8.180830     54.08
 1849   39.218610   -8.180280     54.39
 1850   39.290830   -8.179720     54.51
 1851   38.653410   -8.179700     54.44
 1852   37.122140   -8.179340     52.27
 1853   38.604720   -8.178610     54.47
 1854   37.750830   -8.177500     54.09
 1856   38.270700   -8.174970     54.42
 1857   38.873060   -8.174440     54.27
 1858   37.665270   -8.173940     54.07
 1860   37.448060   -8.173330     53.76
 1861   39.881670   -8.172220     55.25
 1863   39.772780   -8.170830     55.21
 1865   39.506940   -8.169440     54.91
 1866   38.749720   -8.168890     54.38
 1867   38.395530   -8.168470     54.51
 1868   38.780000   -8.168330     54.35
 1871   39.366110   -8.166110     54.66
 1872   39.017220   -8.166110     54.25
 1873   39.412780   -8.165830     54.75
 1874   38.159110   -8.165500     54.33
 1876   39.603890   -8.163890     55.06
 1878   38.044210   -8.162250     54.23
 1879   37.085100   -8.161950     52.03
 1880   37.991940   -8.161670     54.19
 1881   37.574440   -8.161110     53.99
 1882   38.836110   -8.160830     54.32
 1885   38.570830   -8.158060     54.53
 1887   37.380560   -8.156110     53.55
 1888   39.119440   -8.156110     54.32
 1889   39.255560   -8.155000     54.49
 1890   38.217780   -8.154670     54.40
 1892   38.475280   -8.154170     54.55
 1893   38.428610   -8.153890     54.55
 1896   39.159170   -8.150560     54.37
 1898   39.675000   -8.150000     55.16
 1899   37.304440   -8.149440     53.24
 1901   38.982220   -8.148610     54.28
 1902   39.068060   -8.148610     54.30
 1903   37.538330   -8.148610     53.94
 1904   38.523330   -8.148330     54.56
 1906   39.650830   -8.147500     55.13
 1908   39.916110   -8.146110     55.30
 1912   39.460000   -8.143330     54.86
 1913   37.230080   -8.142520     52.87
 1914   39.713980   -8.141550     55.20
 1915   39.745050   -8.141260     55.23
 1916   38.122030   -8.141080     54.33
 1920   37.155640   -8.138600     52.45
 1922   37.341390   -8.137500     53.39
 1923   37.896240   -8.137480     54.17
 1924   39.558330   -8.136670     55.02
 1929   37.484440   -8.134720     53.84
 1934   37.678640   -8.133310     54.09
 1938   39.978610   -8.130280     55.34
 1940   38.342510   -8.129770     54.55
 1942   38.382030   -8.126360     54.57
 1944   39.016110   -8.125560     54.33
 1945   39.312780   -8.125560     54.63
 1946   38.199220   -8.125330     54.43
 1947   37.202220   -8.124720     52.71
 1949   38.926390   -8.123330     54.34
 1950   37.331670   -8.123060     53.35
 1954   37.914930   -8.121130     54.20
 1955   38.610560   -8.120280     54.57
 1956   39.107220   -8.120000     54.38
 1957   38.838610   -8.118890     54.40
 1958   38.730000   -8.118610     54.48
 1960   39.891110   -8.117220     55.33
 1965   38.530000   -8.116390     54.61
 1966   38.485830   -8.116390     54.61
 1967   39.221940   -8.116110     54.50
 1968   38.162780   -8.114280     54.41
 1970   38.576940   -8.113330     54.60
 1971   37.405280   -8.112780     53.61
 1972   39.785130   -8.111790     55.28
 1974   37.553330   -8.111390     53.96
 1975   37.158010   -8.111370     52.45
 1977   37.931350   -8.110650     54.22
 1978   38.982220   -8.110560     54.35
 1980   38.028460   -8.109450     54.29
 1981   37.465540   -8.107920     53.79
 1983   38.132920   -8.107750     54.39
 1985   38.259470   -8.106250     54.51
 1986   39.643060   -8.106110     55.16
 1988   39.375830   -8.105000     54.76
 1989   37.823880   -8.104950     54.17
 1992   37.308360   -8.103500     53.24
 1994   37.073410   -8.101800     51.92
 1998   38.426870   -8.099490     54.63
 2000   38.874170   -8.098330     54.41
 2001   38.102670   -8.097780     54.37
 2003   39.191110   -8.097220     54.49
 2005   37.761560   -8.095670     54.15
 2006   39.514440   -8.095560     55.00
 2007   37.840280   -8.095000     54.19
 2008   38.691460   -8.094170     54.56
 2009   37.243620   -8.092220     52.92
 2010   38.900000   -8.091940     54.41
 2013   37.419670   -8.087830     53.65
 2014   39.070560   -8.086940     54.41
 2015   37.651670   -8.085000     54.09
 2016   37.962850   -8.084680     54.27
 2019   37.680710   -8.083640     54.11
 2020   39.897780   -8.083610     55.37
 2021   39.250560   -8.083330     54.59
 2023   37.605200   -8.082130     54.04
 2024   37.697690   -8.082050     54.13
 2025   37.785000   -8.081670     54.18
 2027   39.420560   -8.080280     54.86
 2028   39.745560   -8.078890     55.29
 2030   39.601940   -8.078060     55.14
 2031   38.695710   -8.077350     54.58
 2032   37.577950   -8.076620     54.00
 2033   37.146460   -8.076490     52.36
 2034   39.564440   -8.076110     55.09
 2036   39.978890   -8.074170     55.42
 2037   37.469060   -8.073080     53.79
 2039   37.103070   -8.072750     52.09
 2040   39.295000   -8.071670     54.67
 2041   39.833330   -8.071670     55.35
 2043   39.145560   -8.068890     54.49
 2044   37.882500   -8.068610     54.24
 2045   38.548330   -8.067500     54.68
 2047   39.443060   -8.066390     54.91
 2048   38.385420   -8.065270     54.66
 2049   37.455840   -8.065220     53.75
 2050   39.668060   -8.064720     55.22
 2052   38.755560   -8.064440     54.55
 2053   37.348330   -8.063060     53.39
 2054   37.158810   -8.061200     52.42
 2055   37.512900   -8.060420     53.89
 2056   39.718890   -8.060280     55.28
 2058   37.056980   -8.059860     51.79
 2059   39.337220   -8.059440     54.75
 2060   39.371940   -8.058890     54.81
 2061   38.479040   -8.058320     54.70
 2062   38.806110   -8.058060     54.52
 2063   39.503610   -8.058060     55.02
 2064   38.865000   -8.056670     54.49
 2068   38.321530   -8.053940     54.64
 2069   39.115000   -8.053610     54.49
 2070   37.444380   -8.052940     53.72
 2071   37.699030   -8.051520     54.14
 2072   39.781950   -8.051380     55.33
 2073   38.923330   -8.051110     54.47
 2077   37.244690   -8.048100     52.90
 2078   38.609170   -8.047780     54.68
 2079   39.936670   -8.046390     55.43
 2082   38.249280   -8.043130     54.59
 2084   39.005560   -8.042500     54.47
 2085   37.748820   -8.042220     54.18
 2086   39.848330   -8.041670     55.39
 2087   38.641110   -8.041110     54.67
 2091   39.424170   -8.039170     54.91
 2094   38.289030   -8.037710     54.63
 2096   39.188060   -8.036940     54.58
 2098   37.482520   -8.035840     53.82
 2099   38.023670   -8.035780     54.37
 2100   38.778610   -8.035280     54.58
 2102   39.626110   -8.033060     55.20
 2105   37.966740   -8.030680     54.33
 2107   37.208090   -8.029110     52.69
 2108   37.391090   -8.027270     53.54
 2109   38.133000   -8.026800     54.49
 2110   37.188790   -8.026670     52.58
 2111   37.691600   -8.026000     54.15
 2113   37.528500   -8.024390     53.92
 2115   38.191860   -8.024070     54.55
 2116   37.138050   -8.024060     52.28
 2117   39.572220   -8.023610     55.14
 2118   37.792500   -8.023330     54.22
 2120   39.480530   -8.021870     55.01
 2124   38.413400   -8.019630     54.73
 2126   37.887960   -8.018350     54.29
 2129   37.630000   -8.017500     54.09
 2131   37.287720   -8.016230     53.10
 2132   37.775740   -8.013620     54.22
 2133   39.056670   -8.013610     54.52
 2134   39.719720   -8.013610     55.30
 2137   37.590000   -8.012500     54.03
 2139   37.413880   -8.012310     53.61
 2140   39.905560   -8.012220     55.44
 2141   39.333610   -8.011670     54.80
 2143   38.511390   -8.010830     54.75
 2144   38.896110   -8.010830     54.54
 2147   39.248610   -8.008890     54.69
 2151   37.307580   -8.005800     53.19
 2152   37.236550   -8.005730     52.84
 2156   39.295280   -8.004170     54.75
 2158   37.176430   -8.002480     52.50
 2160   37.039680   -8.001630     51.65
 2161   37.106930   -8.001400     52.08
 2162   39.408060   -8.001390     54.92
 2164   38.486390   -8.000830     54.76
 2165   38.100360   -7.999740     54.48
 2167   38.232170   -7.997990     54.62
 2169   37.454260   -7.997670     53.74
 2170   38.139420   -7.997320     54.53
 2172   39.965280   -7.996110     55.50
 2174   37.924090   -7.995870     54.33
 2175   38.761390   -7.995560     54.64
 2177   37.540790   -7.994590     53.95
 2178   38.445930   -7.994570     54.76
 2180   38.838890   -7.994170     54.60
 2181   37.956310   -7.993600     54.36
 2184   39.791670   -7.991110     55.37
 2185   38.955560   -7.990830     54.55
 2188   37.190930   -7.989270     52.58
 2189   38.271980   -7.989070     54.67
 2190   38.552500   -7.988890     54.77
 2191   39.549720   -7.988890     55.12
 2192   37.386130   -7.988480     53.51
 2193   37.689910   -7.988070     54.16
 2198   38.307170   -7.986260     54.70
 2199   38.581110   -7.986110     54.76
 2201   38.668060   -7.984720     54.72
 2203   39.110280   -7.984440     54.59
 2206   38.214530   -7.982990     54.62
 2207   37.433670   -7.982660     53.68
 2208   37.141880   -7.982590     52.29
 2209   38.016110   -7.982500     54.42
 2214   38.380560   -7.980040     54.75
 2215   37.411200   -7.979900     53.60
 2216   37.806950   -7.979430     54.26
 2219   39.637220   -7.979170     55.23
 2221   39.597500   -7.978610     55.19
 2223   39.837500   -7.977780     55.41
 2224   39.195560   -7.977780     54.67
 2228   37.377050   -7.975850     53.48
 2229   39.507500   -7.975830     55.08
 2233   39.740560   -7.973330     55.34
 2234   39.894440   -7.972780     55.46
 2235   38.609440   -7.971390     54.77
 2236   38.800280   -7.971110     54.65
 2240   39.683610   -7.968610     55.28
 2241   38.916110   -7.968330     54.59
 2245   39.466940   -7.966390     55.03
 2246   37.214950   -7.966310     52.71
 2247   39.372220   -7.965830     54.90
 2248   37.251910   -7.964370     52.91
 2249   37.356460   -7.964320     53.39
 2250   37.103840   -7.964200     52.05
 2251   37.341030   -7.964160     53.33
 2253   37.318610   -7.963680     53.23
 2254   39.940560   -7.962780     55.50
 2257   39.065000   -7.962500     54.60
 2258   37.650280   -7.962500     54.13
 2260   37.231600   -7.961730     52.80
 2262   37.844830   -7.961290     54.30
 2263   37.541450   -7.961260     53.96
 2265   38.326950   -7.960960     54.74
 2267   37.057150   -7.960270     51.75
 2269   39.005000   -7.959720     54.59
 2271   39.238890   -7.959440     54.74
 2274   38.176500   -7.956650     54.60
 2276   39.146940   -7.956390     54.65
 2279   37.608610   -7.955560     54.08
 2283   37.901940   -7.952500     54.35
 2285   37.036120   -7.951000     51.61
 2290   38.122450   -7.949210     54.56
 2293   37.867760   -7.945620     54.33
 2294   39.284720   -7.945560     54.80
 2295   37.071390   -7.944440     51.84
 2296   37.703390   -7.942980     54.20
 2299   38.194640   -7.942210     54.64
 2302   38.152610   -7.941430     54.59
 2303   38.399670   -7.940900     54.80
 2304   38.479700   -7.940900     54.82
 2305   38.854720   -7.940000     54.66
 2308   37.240490   -7.938910     52.84
 2309   38.902220   -7.938890     54.64
 2310   37.567500   -7.938890     54.01
 2312   39.711390   -7.938060     55.31
 2315   37.355080   -7.937890     53.38
 2319   39.502780   -7.935830     55.09
 2320   39.552780   -7.935280     55.15
 2322   39.622220   -7.933890     55.22
 2323   38.288780   -7.933400     54.73
 2325   37.150820   -7.931940     52.33
 2326   39.466390   -7.931940     55.04
 2327   38.961390   -7.931940     54.63
 2329   39.426390   -7.931390     54.99
 2330   38.627780   -7.931390     54.80
 2331   39.752090   -7.930940     55.35
 2332   37.876780   -7.929270     54.35
 2335   37.738610   -7.928610     54.24
 2336   39.192500   -7.928060     54.72
 2338   39.782780   -7.927220     55.38
 2341   37.200360   -7.925590     52.62
 2342   39.848610   -7.925560     55.44
 2344   38.425400   -7.925230     54.82
 2345   37.444900   -7.924350     53.71
 2347   38.514180   -7.923090     54.83
 2349   39.658330   -7.922220     55.26
 2350   38.664170   -7.922220     54.79
 2353   37.837220   -7.920830     54.33
 2355   39.092220   -7.920280     54.67
 2356   39.379720   -7.919440     54.94
 2359   37.530280   -7.917500     53.94
 2361   39.157500   -7.915280     54.71
 2362   37.304750   -7.914780     53.16
 2363   37.139170   -7.914720     52.25
 2365   37.791670   -7.913330     54.30
 2367   38.714170   -7.912500     54.77
 2369   39.916280   -7.911590     55.50
 2370   37.266340   -7.910900     52.97
 2371   38.569120   -7.909030     54.83
 2372   37.175480   -7.908900     52.47
 2373   38.353030   -7.908620     54.79
 2375   38.248140   -7.907540     54.71
 2376   38.782190   -7.907120     54.73
 2377   37.094820   -7.906990     51.98
 2378   37.473080   -7.906460     53.79
 2381   37.670830   -7.903060     54.18
 2383   37.924590   -7.901990     54.41
 2385   37.557550   -7.901760     54.00
 2386   39.316110   -7.898890     54.88
 2388   38.863060   -7.898610     54.70
 2390   37.947420   -7.897310     54.43
 2391   39.951390   -7.896940     55.53
 2392   37.999640   -7.896700     54.48
 2394   39.993330   -7.896110     55.57
 2395   37.393920   -7.896090     53.53
 2396   39.020000   -7.895280     54.68
 2399   37.430380   -7.893580     53.66
 2403   38.745280   -7.889720     54.77
 2405   39.256110   -7.888890     54.82
 2406   38.166720   -7.888400     54.65
 2407   37.150380   -7.888350     52.32
 2408   38.601390   -7.888060     54.84
 2410   37.716890   -7.886280     54.24
 2413   37.615560   -7.885280     54.11
 2414   37.274940   -7.884830     53.01
 2415   37.743890   -7.884720     54.27
 2416   38.434430   -7.884480     54.84
 2419   39.068610   -7.882500     54.70
 2420   38.122110   -7.882350     54.61
 2421   39.592780   -7.881940     55.19
 2423   39.876940   -7.881670     55.46
 2425   39.819170   -7.880560     55.41
 2426   39.449440   -7.878330     55.04
 2428   39.516390   -7.877780     55.11
 2430   38.472290   -7.877170     54.86
 2431   38.904720   -7.876940     54.71
 2432   38.692780   -7.876390     54.81
 2433   37.937470   -7.875800     54.44
 2434   39.106110   -7.874170     54.73
 2436   38.057860   -7.873980     54.55
 2438   37.969680   -7.873760     54.47
 2439   38.638330   -7.872780     54.83
 2440   39.644170   -7.872500     55.24
 2441   38.808750   -7.872340     54.75
 2443   37.918120   -7.870360     54.43
 2445   37.055680   -7.869600     51.72
 2449   37.408340   -7.867670     53.58
 2450   39.222500   -7.867500     54.81
 2451   37.359260   -7.867240     53.39
 2453   39.168330   -7.866110     54.77
 2454   37.879930   -7.864660     54.40
 2456   38.242500   -7.863590     54.74
 2458   37.277720   -7.862320     53.02
 2459   37.242110   -7.862190     52.83
 2461   38.325560   -7.861450     54.80
 2463   39.435000   -7.860560     55.03
 2466   39.722220   -7.860000     55.31
 2467   37.837690   -7.859450     54.37
 2468   37.201480   -7.859100     52.61
 2469   38.818540   -7.858920     54.76
 2470   37.857030   -7.858670     54.39
 2471   37.716920   -7.858110     54.26
 2472   38.406670   -7.857590     54.85
 2473   39.333060   -7.857500     54.92
 2477   38.196970   -7.855400     54.70
 2478   39.543610   -7.854170     55.14
 2479   37.815900   -7.853050     54.36
 2480   39.299720   -7.852780     54.89
 2481   37.791720   -7.852070     54.34
 2482   39.980560   -7.851940     55.57
 2483   38.963890   -7.851940     54.72
 2484   37.482960   -7.851260     53.83
 2485   38.564850   -7.850590     54.87
 2487   37.346540   -7.849910     53.34
 2488   37.584350   -7.848500     54.07
 2490   37.155170   -7.847780     52.34
 2492   39.684440   -7.847220     55.27
 2493   38.939440   -7.846390     54.73
 2494   38.284310   -7.844450     54.78
 2496   37.303800   -7.843580     53.14
 2497   38.998890   -7.843330     54.73
 2498   38.526710   -7.842920     54.87
 2500   37.029710   -7.842620     51.55
 2501   37.418530   -7.841170     53.62
 2502   39.365000   -7.840830     54.96
 2504   37.916930   -7.839690     54.45
 2507   38.206340   -7.838650     54.72
 2508   37.666940   -7.837500     54.21
 2509   38.831600   -7.837480     54.77
 2511   37.900060   -7.836750     54.44
 2513   38.861390   -7.836670     54.76
 2515   37.970610   -7.834850     54.50
 2516   38.149500   -7.834650     54.67
 2517   38.362450   -7.834500     54.84
 2519   37.849030   -7.832060     54.40
 2521   38.740000   -7.831390     54.81
 2522   37.101380   -7.831190     52.00
 2523   39.908610   -7.830560     55.48
 2524   37.509720   -7.830000     53.90
 2525   39.190280   -7.829440     54.82
 2526   38.589440   -7.828610     54.87
 2531   39.046390   -7.825280     54.75
 2532   39.831670   -7.825000     55.40
 2535   38.773610   -7.823610     54.80
 2536   38.429260   -7.822480     54.87
 2538   39.411390   -7.820560     55.01
 2539   38.640280   -7.820000     54.86
 2540   38.094750   -7.819310     54.62
 2542   39.147220   -7.819170     54.80
 2543   37.797850   -7.819140     54.36
 2544   39.031110   -7.818610     54.76
 2546   37.332980   -7.816730     53.28
 2547   37.377900   -7.816530     53.47
 2548   37.080450   -7.815360     51.87
 2549   39.515560   -7.815280     55.11
 2550   39.236670   -7.815280     54.86
 2551   37.254440   -7.814440     52.89
 2552   37.141940   -7.812780     52.25
 2553   37.290830   -7.812780     53.08
 2556   39.647220   -7.811110     55.23
 2558   37.595830   -7.810560     54.10
 2559   38.827050   -7.809780     54.79
 2561   37.719210   -7.808040     54.29
 2562   37.877150   -7.807570     54.44
 2563   39.931110   -7.807500     55.50
 2564   38.562260   -7.806830     54.88
 2565   38.125530   -7.806090     54.66
 2568   37.922530   -7.803160     54.48
 2570   37.410340   -7.802010     53.59
 2572   38.681940   -7.801110     54.85
 2573   38.302760   -7.800420     54.81
 2574   37.774750   -7.799820     54.35
 2575   37.815410   -7.799540     54.39
 2576   37.546110   -7.799440     54.00
 2578   39.742220   -7.798890     55.30
 2579   39.683610   -7.798890     55.25
 2580   39.390280   -7.798890     55.00
 2581   38.208800   -7.798260     54.74
 2582   37.964500   -7.798000     54.52
 2583   38.717500   -7.797500     54.84
 2584   37.794440   -7.796940     54.38
 2585   38.515040   -7.796560     54.89
 2586   39.551940   -7.795830     55.14
 2587   37.650560   -7.795280     54.20
 2588   37.745100   -7.795140     54.33
 2591   37.992450   -7.794150     54.55
 2592   39.954170   -7.793890     55.52
 2593   38.901390   -7.793060     54.78
 2594   39.123060   -7.792500     54.81
 2598   37.612880   -7.790450     54.14
 2600   39.294720   -7.789720     54.92
 2601   38.392560   -7.788970     54.86
 2602   37.154300   -7.788930     52.32
 2603   37.084550   -7.788280     51.89
 2604   39.086670   -7.788060     54.79
 2606   37.200560   -7.786670     52.59
 2610   37.835240   -7.785590     54.42
 2611   37.435300   -7.784380     53.68
 2615   37.941140   -7.783660     54.51
 2616   38.745560   -7.781940     54.83
 2617   38.179170   -7.781060     54.72
 2618   39.870280   -7.779440     55.42
 2619   39.459720   -7.779440     55.06
 2622   37.895990   -7.776610     54.48
 2623   37.869430   -7.776440     54.46
 2624   38.477070   -7.775720     54.89
 2625   39.316390   -7.775000     54.94
 2627   38.334010   -7.772530     54.84
 2629   39.596940   -7.771670     55.16
 2630   38.981940   -7.771670     54.79
 2631   39.179720   -7.771110     54.85
 2632   37.579470   -7.770830     54.08
 2635   37.983370   -7.767780     54.56
 2636   37.058060   -7.767490     51.71
 2637   37.754810   -7.766160     54.35
 2640   37.559060   -7.764040     54.04
 2641   37.790490   -7.763620     54.39
 2642   37.723390   -7.763100     54.32
 2645   38.271450   -7.760280     54.80
 2647   39.209440   -7.759720     54.87
 2648   38.594170   -7.758890     54.88
 2649   37.431260   -7.758300     53.67
 2650   38.928610   -7.758060     54.80
 2651   37.153320   -7.758020     52.31
 2652   37.950990   -7.757890     54.54
 2654   37.500940   -7.757010     53.89
 2655   38.561510   -7.756660     54.89
 2658   37.299410   -7.752750     53.11
 2660   37.617800   -7.751370     54.16
 2662   38.457720   -7.750750     54.88
 2663   39.380000   -7.750560     54.99
 2664   38.002250   -7.750120     54.58
 2665   39.075280   -7.749170     54.82
 2666   39.890830   -7.749170     55.42
 2667   38.055670   -7.748620     54.63
 2670   38.144110   -7.748140     54.70
 2671   38.883060   -7.747500     54.81
 2672   38.115470   -7.747030     54.68
 2673   39.975560   -7.746940     55.53
 2674   39.463610   -7.746670     55.05
 2675   37.449500   -7.746230     53.73
 2679   38.227950   -7.743250     54.77
 2680   39.656940   -7.742780     55.19
 2682   38.498590   -7.742300     54.89
 2683   37.836160   -7.740580     54.45
 2684   39.233060   -7.739440     54.90
 2686   37.404300   -7.738560     53.57
 2688   37.980780   -7.736780     54.57
 2689   37.910850   -7.736560     54.52
 2690   39.276670   -7.736110     54.92
 2691   37.859350   -7.736080     54.47
 2692   37.275240   -7.735940     52.99
 2695   37.801260   -7.735460     54.42
 2696   39.350280   -7.735280     54.97
 2698   38.386620   -7.734390     54.86
 2699   37.584190   -7.733650     54.10
 2700   37.565280   -7.733340     54.06
 2704   37.220000   -7.730560     52.69
 2705   39.136390   -7.730000     54.85
 2706   38.644440   -7.730000     54.87
 2707   38.183700   -7.729810     54.74
 2708   39.010560   -7.729720     54.81
 2709   37.149310   -7.729680     52.28
 2712   38.689170   -7.726390     54.86
 2713   37.777030   -7.725860     54.40
 2715   37.078700   -7.724990     51.84
 2717   38.086890   -7.722000     54.67
 2721   37.513910   -7.719620     53.93
 2723   37.899660   -7.718700     54.52
 2724   38.730000   -7.718610     54.85
 2726   39.869720   -7.716390     55.37
 2727   38.423700   -7.716130     54.87
 2728   38.332650   -7.715780     54.84
 2729   37.450670   -7.714920     53.74
 2730   37.626300   -7.714800     54.19
 2731   37.951960   -7.714680     54.56
 2732   37.127000   -7.714660     52.14
 2733   38.765760   -7.713830     54.84
 2737   37.088660   -7.709500     51.90
 2738   39.522500   -7.709440     55.08
 2739   37.361620   -7.709140     53.40
 2740   37.738610   -7.709080     54.36
 2741   39.742500   -7.708890     55.24
 2743   37.856260   -7.708010     54.49
 2744   37.720000   -7.707290     54.34
 2745   39.449720   -7.707220     55.03
 2746   37.969310   -7.707140     54.58
 2747   37.243810   -7.706500     52.82
 2748   39.623610   -7.706110     55.14
 2749   38.558870   -7.705680     54.89
 2750   37.833060   -7.705070     54.47
 2752   38.979720   -7.704440     54.82
 2753   39.568610   -7.704170     55.11
 2754   39.093330   -7.704170     54.85
 2756   38.307720   -7.702750     54.83
 2758   37.294440   -7.702500     53.08
 2759   37.580230   -7.702190     54.10
 2760   37.887490   -7.701370     54.52
 2761   37.498730   -7.701120     53.89
 2762   38.013530   -7.701050     54.62
 2763   37.926240   -7.700550     54.55
 2764   37.207690   -7.700410     52.62
 2765   39.679170   -7.700280     55.18
 2766   37.659550   -7.700090     54.26
 2768   39.188890   -7.698610     54.89
 2769   38.242750   -7.697780     54.79
 2772   38.781470   -7.696050     54.84
 2774   38.837160   -7.694160     54.83
 2775   37.470510   -7.693970     53.81
 2776   37.171150   -7.693420     52.40
 2777   37.807650   -7.693330     54.45
 2778   37.236530   -7.693000     52.78
 2779   38.060080   -7.692730     54.66
 2780   37.534270   -7.691850     53.99
 2784   37.701690   -7.690190     54.32
 2789   38.931110   -7.686670     54.83
 2790   37.337710   -7.686660     53.29
 2791   37.782590   -7.685610     54.43
 2792   38.649720   -7.685280     54.87
 2793   39.975560   -7.685280     55.49
 2794   37.986090   -7.685010     54.61
 2795   37.441070   -7.684750     53.71
 2797   37.616780   -7.683810     54.18
 2799   39.422780   -7.683060     55.01
 2802   37.198690   -7.679540     52.56
 2803   37.101770   -7.678400     51.97
 2804   39.061390   -7.678060     54.85
 2805   38.457950   -7.677960     54.88
 2807   37.511910   -7.677780     53.94
 2809   38.757220   -7.677500     54.85
 2810   38.719440   -7.677500     54.86
 2811   39.760830   -7.677220     55.22
 2812   39.648130   -7.676960     55.14
 2813   39.236670   -7.676670     54.92
 2815   38.802550   -7.676200     54.84
 2816   38.284340   -7.676000     54.82
 2817   37.156910   -7.675770     52.31
 2819   39.730830   -7.675000     55.19
 2820   37.968820   -7.673350     54.60
 2821   37.562800   -7.673050     54.07
 2823   38.614440   -7.672500     54.87
 2826   38.864970   -7.671860     54.83
 2827   37.730150   -7.671710     54.37
 2828   37.130410   -7.671710     52.15
 2829   38.387980   -7.671380     54.86
 2831   37.674380   -7.670710     54.29
 2832   39.347220   -7.670000     54.97
 2833   37.774770   -7.669930     54.43
 2835   37.868230   -7.669360     54.52
 2837   37.526100   -7.668980     53.98
 2839   37.314720   -7.667780     53.18
 2841   39.005000   -7.667500     54.84
 2843   37.844290   -7.667380     54.50
 2845   37.116010   -7.666880     52.06
 2846   37.638340   -7.666530     54.23
 2848   39.296940   -7.666110     54.95
 2849   37.915530   -7.665090     54.56
 2851   39.618190   -7.664010     55.11
 2852   37.755450   -7.663760     54.41
 2855   39.145560   -7.663330     54.88
 2858   38.153840   -7.661470     54.74
 2861   39.923610   -7.661110     55.39
 2868   37.581010   -7.659070     54.12
 2869   39.821670   -7.658890     55.26
 2872   37.247400   -7.657100     52.83
 2873   37.445550   -7.656960     53.72
 2875   39.565980   -7.656260     55.07
 2879   38.171530   -7.655470     54.75
 2880   37.810870   -7.655320     54.47
 2882   38.504340   -7.655130     54.87
 2886   39.527330   -7.653860     55.05
 2888   37.732280   -7.653260     54.38
 2889   38.961940   -7.653060     54.84
 2890   38.121450   -7.652610     54.72
 2892   38.583960   -7.651920     54.87
 2894   38.451450   -7.651240     54.87
 2901   37.551680   -7.649520     54.05
 2903   39.105830   -7.649440     54.87
 2904   38.317730   -7.648380     54.83
 2905   38.539120   -7.647930     54.87
 2907   37.598080   -7.647040     54.16
 2910   38.888580   -7.646270     54.84
 2913   37.676290   -7.644570     54.30
 2919   39.263610   -7.643060     54.94
 2924   38.704440   -7.641110     54.85
 2925   38.834750   -7.640010     54.84
 2927   39.459170   -7.639170     55.02
 2929   37.764430   -7.637490     54.43
 2931   37.373860   -7.637290     53.44
 2933   37.518340   -7.636650     53.96
 2935   39.893330   -7.635280     55.32
 2938   39.701110   -7.634440     55.13
 2939   39.369440   -7.634170     54.98
 2941   37.453540   -7.633380     53.75
 2944   37.835890   -7.631680     54.51
 2946   38.934720   -7.631110     54.84
 2954   37.946490   -7.628750     54.61
 2957   38.100420   -7.627530     54.71
 2958   37.862250   -7.626970     54.54
 2961   39.439070   -7.624880     55.00
 2962   37.618400   -7.624770     54.21
 2964   37.650770   -7.624290     54.27
 2968   37.564840   -7.623740     54.08
 2969   38.349870   -7.623650     54.84
 2974   37.697890   -7.621960     54.35
 2980   38.157530   -7.619970     54.75
 2981   39.028610   -7.619170     54.86
 2982   38.608610   -7.618610     54.86
 2986   37.731500   -7.616810     54.40
 2989   37.580630   -7.615690     54.12
 2990   37.960730   -7.615590     54.62
 2991   37.810050   -7.615550     54.49
 2994   37.531560   -7.614270     54.00
 2995   38.730560   -7.613330     54.84
 2996   38.227890   -7.612600     54.79
 2998   38.483060   -7.612230     54.86
 3004   37.886400   -7.609910     54.57
 3005   38.872220   -7.609720     54.84
 3006   39.601670   -7.609720     55.05
 3007   38.432260   -7.609710     54.85
 3009   38.286500   -7.607990     54.81
 3010   37.308730   -7.606830     53.14
 3011   37.788260   -7.606780     54.47
 3014   37.263630   -7.606490     52.90
 3015   38.198580   -7.605960     54.77
 3017   38.037200   -7.604750     54.68
 3018   39.319170   -7.604720     54.96
 3019   38.514680   -7.604540     54.86
 3022   39.265000   -7.603330     54.94
 3024   39.093610   -7.602500     54.88
 3028   38.646940   -7.600830     54.85
 3030   37.375860   -7.599530     53.45
 3031   39.986110   -7.599440     55.42
 3033   37.191740   -7.598640     52.50
 3035   37.762430   -7.598160     54.45
 3038   39.789170   -7.596390     55.16
 3039   37.721200   -7.596360     54.39
 3042   37.535270   -7.594570     54.01
 3045   37.447870   -7.593400     53.73
 3047   38.984170   -7.592220     54.85
 3051   39.153330   -7.590830     54.90
 3055   38.843740   -7.586860     54.84
 3060   39.518890   -7.584440     55.00
 3061   37.607190   -7.584170     54.19
 3063   37.513420   -7.582900     53.95
 3064   37.777690   -7.582710     54.47
 3065   37.227510   -7.582260     52.70
 3066   38.157610   -7.582250     54.76
 3067   39.663060   -7.581940     55.05
 3068   37.965140   -7.581170     54.64
 3069   37.358080   -7.581090     53.36
 3072   39.048610   -7.580560     54.87
 3074   39.746670   -7.580000     55.10
 3075   38.287340   -7.579460     54.81
 3080   37.578400   -7.577350     54.12
 3087   39.237780   -7.574170     54.93
 3092   39.558330   -7.572780     55.00
 3093   39.881670   -7.572220     55.23
 3096   38.068030   -7.570970     54.71
 3097   37.485800   -7.570590     53.86
 3098   38.112420   -7.569660     54.74
 3100   37.713530   -7.569400     54.39
 3103   37.858390   -7.568520     54.56
 3105   38.835350   -7.566790     54.83
 3106   38.027890   -7.566580     54.69
 3107   37.834900   -7.565690     54.54
 3108   38.926110   -7.565280     54.84
 3109   38.483230   -7.564310     54.84
 3110   38.343560   -7.564260     54.82
 3111   37.749450   -7.563550     54.44
 3112   38.578010   -7.562970     54.84
 3113   37.677350   -7.562650     54.33
 3117   39.130560   -7.561940     54.90
 3119   37.879930   -7.561690     54.59
 3123   37.644730   -7.560010     54.27
 3124   39.476390   -7.559720     54.98
 3125   38.396480   -7.559280     54.83
 3127   38.507200   -7.557470     54.84
 3130   37.312220   -7.556390     53.14
 3133   37.703890   -7.554380     54.38
 3134   38.960000   -7.554170     54.85
 3136   38.264340   -7.553960     54.80
 3139   38.605900   -7.552640     54.83
 3140   37.768980   -7.552310     54.47
 3141   38.650000   -7.551110     54.83
 3142   37.482580   -7.549990     53.85
 3143   39.380830   -7.549440     54.96
 3149   37.201440   -7.548880     52.53
 3150   37.580990   -7.548740     54.13
 3152   37.463730   -7.547320     53.78
 3155   39.935560   -7.543610     55.27
 3156   39.186390   -7.543610     54.92
 3157   37.732890   -7.543140     54.43
 3159   38.736940   -7.541670     54.82
 3162   37.356280   -7.541060     53.34
 3164   38.218310   -7.539770     54.79
 3166   39.015280   -7.539440     54.86
 3167   39.706940   -7.539440     55.03
 3171   37.432450   -7.538580     53.66
 3173   39.649440   -7.538330     55.00
 3176   37.853080   -7.537540     54.57
 3181   39.778890   -7.535280     55.07
 3182   37.807560   -7.534660     54.53
 3183   37.621480   -7.534250     54.23
 3189   39.746940   -7.532780     55.04
 3191   38.423360   -7.532380     54.83
 3192   37.537190   -7.532080     54.02
 3193   38.785000   -7.531940     54.82
 3194   38.138970   -7.531550     54.76
 3195   38.897780   -7.531110     54.84
 3198   39.923060   -7.530830     55.23
 3203   39.510280   -7.527500     54.96
 3204   37.370670   -7.527410     53.40
 3207   37.900400   -7.526720     54.62
 3209   39.093060   -7.526670     54.89
 3210   37.556040   -7.525660     54.07
 3212   37.993170   -7.524910     54.69
 3213   39.683060   -7.524440     55.00
 3219   38.826100   -7.523530     54.82
 3221   37.749710   -7.523300     54.46
 3226   38.102420   -7.519520     54.75
 3231   37.307940   -7.518480     53.10
 3234   37.355440   -7.517540     53.33
 3235   37.246720   -7.516880     52.77
 3240   39.860830   -7.514170     55.13
 3242   39.063890   -7.513890     54.88
 3243   39.333150   -7.513430     54.94
 3246   37.392350   -7.511100     53.49
 3247   38.189610   -7.510570     54.78
 3250   38.526430   -7.509780     54.82
 3253   39.545830   -7.509170     54.95
 3254   39.367500   -7.508890     54.95
 3255   37.969360   -7.508520     54.68
 3257   37.438940   -7.507930     53.68
 3263   39.479170   -7.506110     54.95
 3266   37.465150   -7.505460     53.78
 3274   37.626170   -7.501270     54.24
 3276   38.361780   -7.501110     54.81
 3277   38.700000   -7.501110     54.81
 3280   37.490990   -7.499930     53.87
 3281   39.706390   -7.499720     54.98
 3282   37.857510   -7.499620     54.60
 3286   38.483560   -7.498890     54.81
 3287   37.340830   -7.498870     53.25
 3290   38.568620   -7.498110     54.81
 3291   39.944440   -7.497780     55.22
 3294   39.209440   -7.496670     54.92
 3295   38.070330   -7.496240     54.74
 3296   39.978890   -7.496110     55.28
 3297   37.711640   -7.495490     54.41
 3302   37.264470   -7.494700     52.85
 3303   38.943890   -7.494440     54.84
 3304   39.866940   -7.493890     55.11
 3312   37.323710   -7.491120     53.16
 3318   37.501090   -7.487350     53.90
 3321   37.657040   -7.485540     54.31
 3323   39.161390   -7.485000     54.91
 3324   38.751670   -7.483890     54.80
 3326   38.263560   -7.482040     54.80
 3329   37.881820   -7.481670     54.63
 3331   38.420450   -7.481160     54.81
 3333   39.803060   -7.480560     55.02
 3334   37.210370   -7.480470     52.53
 3335   37.458960   -7.480420     53.75
 3339   38.022020   -7.479100     54.72
 3340   38.308360   -7.478950     54.80
 3341   39.508890   -7.478610     54.93
 3342   39.097220   -7.477780     54.89
 3343   38.548320   -7.477640     54.80
 3345   38.614170   -7.475560     54.79
 3346   38.979440   -7.475560     54.85
 3347   38.460980   -7.474830     54.80
 3348   39.069720   -7.474720     54.88
 3349   37.748960   -7.473790     54.48
 3353   37.386400   -7.472350     53.45
 3357   37.471680   -7.471350     53.79
 3359   37.255140   -7.468940     52.78
 3361   37.287160   -7.468600     52.96
 3366   39.674440   -7.466110     54.93
 3372   39.013890   -7.463890     54.86
 3373   38.830000   -7.463890     54.80
 3375   39.405280   -7.462500     54.93
 3377   38.806490   -7.461430     54.80
 3378   39.998060   -7.461110     55.26
 3381   38.177590   -7.459020     54.78
 3383   37.716280   -7.458670     54.43
 3384   39.197740   -7.458230     54.91
 3385   38.661390   -7.457780     54.78
 3389   39.907220   -7.456670     55.11
 3393   37.243490   -7.454840     52.70
 3398   39.465280   -7.453330     54.92
 3401   38.376590   -7.452660     54.80
 3403   37.894610   -7.451660     54.65
 3406   37.815340   -7.449160     54.57
 3407   37.741460   -7.447970     54.47
 3408   38.143330   -7.447910     54.78
 3410   37.225860   -7.446900     52.60
 3413   37.282000   -7.445860     52.91
 3415   39.296390   -7.444490     54.92
 3417   38.344500   -7.443530     54.80
 3418   37.355400   -7.443210     53.28
 3421   38.292890   -7.442620     54.80
 3424   39.258610   -7.440830     54.92
 3428   39.054400   -7.437680     54.87
 3431   37.759430   -7.435540     54.50
 3432   37.887250   -7.435320     54.65
 3433   39.370830   -7.435000     54.92
 3436   39.149440   -7.432780     54.90
 3438   39.102500   -7.432220     54.89
 3439   37.989530   -7.431660     54.73
 3443   39.334720   -7.431390     54.92
 3444   38.873610   -7.431390     54.80
 3449   37.777660   -7.429410     54.53
 3450   39.694440   -7.427500     54.89
 3452   39.733330   -7.425830     54.91
 3454   38.413890   -7.425350     54.79
 3460   39.998060   -7.423610     55.21
 3461   38.316140   -7.419890     54.80
 3462   38.781760   -7.419840     54.78
 3463   39.832220   -7.419170     54.97
 3468   39.949720   -7.416110     55.12
 3471   39.017220   -7.415280     54.85
 3473   39.930830   -7.414720     55.09
 3474   39.232780   -7.414720     54.91
 3475   39.504720   -7.414440     54.88
 3477   37.839060   -7.413060     54.61
 3479   38.574360   -7.411980     54.76
 3480   37.801520   -7.411410     54.57
 3481   38.826970   -7.411290     54.78
 3482   38.507310   -7.411240     54.77
 3483   39.764170   -7.411110     54.90
 3484   38.204560   -7.410680     54.80
 3485   38.758330   -7.410560     54.77
 3486   38.249860   -7.410200     54.80
 3488   38.065300   -7.408930     54.77
 3489   38.438030   -7.408600     54.78
 3495   38.961110   -7.403890     54.83
 3496   37.901010   -7.401050     54.68
 3497   38.701280   -7.400900     54.76
 3498   38.599090   -7.400150     54.76
 3499   38.474170   -7.399540     54.77
 3500   37.784610   -7.399530     54.55
 3502   38.635000   -7.397500     54.75
 3508   38.944440   -7.389440     54.82
 3510   38.288890   -7.388840     54.80
 3512   38.133810   -7.383900     54.80
 3513   38.973060   -7.383890     54.83
 3514   38.101470   -7.382010     54.79
 3516   38.240060   -7.380870     54.80
 3517   37.830290   -7.380530     54.62
 3518   39.220900   -7.380090     54.91
 3519   39.953060   -7.380000     55.08
 3521   38.015280   -7.379820     54.76
 3522   38.185590   -7.379180     54.80
 3525   38.073440   -7.377040     54.79
 3526   38.678330   -7.376940     54.74
 3527   37.953890   -7.373850     54.73
 3528   38.846540   -7.373410     54.77
 3530   39.448890   -7.370000     54.87
 3532   38.599720   -7.369720     54.74
 3533   37.878440   -7.369610     54.67
 3534   39.288890   -7.368610     54.91
 3536   38.563340   -7.366790     54.74
 3537   39.697780   -7.366110     54.83
 3540   39.038890   -7.364720     54.85
 3541   37.854970   -7.364030     54.65
 3542   38.512560   -7.363900     54.75
 3543   38.730560   -7.361940     54.74
 3545   37.801600   -7.361500     54.58
 3546   39.900000   -7.361110     54.97
 3550   38.821940   -7.359170     54.76
 3552   38.881110   -7.357500     54.78
 3555   38.344890   -7.354770     54.79
 3559   39.415830   -7.349440     54.87
 3560   39.362220   -7.346940     54.89
 3561   38.629170   -7.346940     54.73
 3562   38.384890   -7.346710     54.77
 3566   39.106110   -7.344440     54.87
 3567   39.073610   -7.344170     54.86
 3569   38.104720   -7.341320     54.81
 3572   39.782780   -7.336390     54.83
 3573   38.222660   -7.336370     54.81
 3575   37.977170   -7.332430     54.77
 3576   38.147700   -7.331870     54.82
 3578   38.477090   -7.331320     54.75
 3580   38.854410   -7.329280     54.76
 3583   39.238060   -7.324170     54.89
 3584   38.082580   -7.323680     54.81
 3585   39.835560   -7.322780     54.85
 3586   39.736670   -7.322780     54.79
 3587   39.998330   -7.322220     55.08
 3588   39.160830   -7.322220     54.88
 3589   38.424230   -7.320820     54.76
 3591   38.525650   -7.320150     54.73
 3593   38.292840   -7.316250     54.80
 3595   38.329860   -7.314080     54.79
 3598   39.210560   -7.311940     54.89
 3599   39.021390   -7.311940     54.83
 3600   38.771940   -7.310000     54.72
 3602   38.366390   -7.309600     54.78
 3603   38.751670   -7.308330     54.72
 3604   38.034560   -7.308210     54.81
 3607   37.919540   -7.305850     54.74
 3610   38.720830   -7.301670     54.71
 3611   39.954440   -7.300000     54.97
 3612   39.798890   -7.299440     54.79
 3613   37.880660   -7.298470     54.71
 3616   38.567840   -7.294480     54.71
 3617   38.958840   -7.293500     54.79
 3618   38.891940   -7.293060     54.76
 3621   39.698890   -7.292220     54.75
 3622   38.664170   -7.292220     54.70
 3623   38.262530   -7.290260     54.81
 3625   39.727780   -7.288060     54.75
 3626   38.810560   -7.288060     54.73
 3630   39.092090   -7.283410     54.85
 3631   38.620000   -7.283330     54.70
 3632   38.228140   -7.282910     54.82
 3636   38.174640   -7.281930     54.83
 3640   38.137360   -7.279150     54.84
 3642   39.276390   -7.277500     54.88
 3644   38.944170   -7.276390     54.78
 3645   38.861910   -7.274280     54.74
 3649   39.761940   -7.270000     54.74
 3652   39.138330   -7.266110     54.86
 3654   38.081970   -7.264200     54.84
 3655   38.022000   -7.263150     54.83
 3659   38.193170   -7.261010     54.84
 3660   38.216530   -7.260760     54.83
 3661   38.285110   -7.260480     54.81
 3664   38.781940   -7.258330     54.70
 3668   38.050200   -7.253370     54.84
 3674   39.932780   -7.250280     54.88
 3677   39.221940   -7.245000     54.87
 3678   39.675560   -7.244720     54.71
 3679   39.082500   -7.244440     54.84
 3683   38.738610   -7.239170     54.69
 3685   39.808890   -7.235560     54.73
 3687   39.968890   -7.235000     54.91
 3689   38.357480   -7.233550     54.79
 3694   38.168220   -7.229120     54.86
 3695   39.031940   -7.228610     54.81
 3698   39.191390   -7.225000     54.86
 3699   38.207690   -7.224780     54.85
 3701   38.915560   -7.224170     54.75
 3703   39.902220   -7.220830     54.80
 3704   38.319670   -7.220500     54.81
 3705   38.108310   -7.218230     54.87
 3706   38.255390   -7.217340     54.84
 3710   38.157690   -7.208820     54.87
 3714   39.736390   -7.202780     54.67
 3716   39.853060   -7.201390     54.73
 3717   38.997500   -7.199170     54.78
 3718   39.125830   -7.198060     54.84
 3721   39.157500   -7.193060     54.85
 3723   38.054140   -7.192890     54.88
 3724   39.091110   -7.188610     54.82
 3726   38.207110   -7.184260     54.87
 3731   39.687500   -7.180560     54.66
 3733   37.997330   -7.179890     54.87
 3735   38.953890   -7.179440     54.75
 3737   39.039170   -7.178610     54.79
 3738   39.927220   -7.178610     54.78
 3739   38.840280   -7.177220     54.69
 3742   38.779170   -7.172500     54.67
 3749   39.857220   -7.165830     54.70
 3750   39.801110   -7.165830     54.66
 3756   38.095610   -7.150230     54.92
 3758   39.952500   -7.147500     54.79
 3759   39.068890   -7.146940     54.80
 3760   39.146390   -7.146670     54.83
 3761   38.196140   -7.139510     54.91
 3762   38.000170   -7.138950     54.89
 3764   39.775000   -7.137500     54.63
 3765   38.057830   -7.135310     54.92
 3767   38.962220   -7.130560     54.73
 3768   38.172440   -7.129310     54.92
 3769   38.887550   -7.128700     54.69
 3771   38.082940   -7.120750     54.94
 3772   39.709170   -7.120560     54.61
 3774   38.913890   -7.111940     54.70
 3776   39.671110   -7.106110     54.61
 3778   39.993610   -7.101110     54.80
 3779   39.915830   -7.099440     54.69
 3780   39.943890   -7.098610     54.73
 3781   39.866940   -7.098060     54.64
 3782   38.068640   -7.096670     54.95
 3784   39.803330   -7.094170     54.60
 3785   38.822780   -7.092220     54.65
 3786   39.073330   -7.086940     54.78
 3789   38.862780   -7.070000     54.66
 3790   38.112220   -7.069970     54.98
 3794   38.050280   -7.063520     54.97
 3795   38.144890   -7.061670     54.98
 3797   38.884090   -7.056350     54.66
 3798   39.100560   -7.051110     54.77
 3800   39.050560   -7.047500     54.75
 3802   38.989720   -7.040830     54.71
 3803   39.734440   -7.040280     54.56
 3804   39.902500   -7.037220     54.62
 3805   39.023610   -7.036670     54.73
 3806   38.882850   -7.035350     54.65
 3807   38.023750   -7.035270     54.98
 3808   38.940280   -7.034720     54.68
 3811   39.677220   -7.026390     54.56
 3812   39.963330   -7.025560     54.69
 3813   39.760000   -7.024170     54.54
 3816   38.083280   -7.014410     55.02
 3817   38.169140   -7.010160     55.02
 3818   39.050280   -7.008330     54.73
 3820   39.905000   -6.998060     54.60
 3821   38.981670   -6.997500     54.69
 3823   38.151750   -6.983690     55.05
 3825   39.821390   -6.982780     54.53
 3830   38.129500   -6.976050     55.06
 3833   39.863890   -6.959440     54.54
 3834   39.988890   -6.958610     54.67
 3835   39.933890   -6.926670     54.58
 3836   39.906940   -6.923890     54.55
 3837   39.973060   -6.887780     54.60
