'GEOD'
'D73' 		6378388.0 0.00672267002233
'ETRS89' 	6378137.0 0.00669438002290
10
 86 CARRASCAIS      
  38  14   42.170  -8  14    8.431   116.24
  38  14   44.968  -8  14    5.233   169.33
 89 S. VICENTE-PSE  
  38  19   16.896  -8   0   21.791   383.42
  38  19   19.694  -8   0   18.547   436.93
 93 BARROS-PE       
  38   3    2.110  -8  26   11.314   119.60
  38   3    4.897  -8  26    8.164   172.17
 94 ALJUSTREL-TF33  
  37  52   50.918  -8  10    6.328   249.59
  37  52   53.681  -8  10    3.136   302.14
 96 BEJA            
  38   0   59.585  -7  51   59.250   316.86
  38   1    2.352  -7  51   55.992   369.96
 97 GUADALUPE       
  37  55   44.160  -7  35   39.860   290.73
  37  55   46.912  -7  35   36.548   343.95
100 BARRADINHA-PW   
  37  51   54.852  -8  25   32.688    93.33
  37  51   57.619  -8  25   29.544   145.66
104 ALCARIA RUIVA-TF
  37  41   58.642  -7  45   45.134   374.32
  37  42    1.374  -7  45   41.866   427.11
105 URZA-PS         
  37  37    3.497  -8   4   24.862   291.31
  37  37    6.230  -8   4   21.655   343.57
111 QUINTÃ-PW       
  37  28   55.945  -7  51    7.939   336.31
  37  28   58.660  -7  51    4.698   388.87