'GEOD'
'D73' 		6378388.0 0.00672267002233
'ETRS89' 	6378137.0 0.00669438002290
20
 76 S. TORCATO      
  38  50   23.215  -8  31   11.739   145.83
  38  50   26.067  -8  31    8.567   199.20
 79 ARRAIOLOS       
  38  43   29.697  -7  59   20.531   413.45
  38  43   32.530  -7  59   17.267   467.50
 80 OSSA-TF29       
  38  44   19.426  -7  35    5.873   654.07
  38  44   22.249  -7  35    2.532   708.50
 82 PALMELA         
  38  33   55.340  -8  54    4.064   275.05
  38  33   58.181  -8  54     .973   327.74
 84 SERRINHA-PE     
  38  29   28.011  -8  31   26.317   187.65
  38  29   30.834  -8  31   23.164   240.63
 86 CARRASCAIS      
  38  14   42.170  -8  14    8.431   116.24
  38  14   44.968  -8  14    5.233   169.33
 88 MENDRO-TF31     
  38  14   43.448  -7  47    5.375   414.22
  38  14   46.234  -7  47    2.092   467.74
 89 S. VICENTE-PSE  
  38  19   16.896  -8   0   21.791   383.42
  38  19   19.694  -8   0   18.547   436.93
 90 MONSARAZ        
  38  26   29.743  -7  22   57.090   345.69
  38  26   32.535  -7  22   53.723   399.54
 91 MENTIRAS-PE     
  38  13   39.741  -7   9   17.237   286.23
  38  13   42.509  -7   9   13.835   340.10
 92 ATALAIA DE GRÂND
  38  10    6.525  -8  38   47.157   328.07
  38  10    9.327  -8  38   44.038   380.74
 93 BARROS-PE       
  38   3    2.110  -8  26   11.314   119.60
  38   3    4.897  -8  26    8.164   172.17
 94 ALJUSTREL-TF33  
  37  52   50.918  -8  10    6.328   249.59
  37  52   53.681  -8  10    3.136   302.14
 95 ATALAIA GORDA   
  38   5   36.236  -7  26   49.329   288.18
  38   5   38.999  -7  26   45.985   341.73
 96 BEJA            
  38   0   59.585  -7  51   59.250   316.86
  38   1    2.352  -7  51   55.992   369.96
 97 GUADALUPE       
  37  55   44.160  -7  35   39.860   290.73
  37  55   46.912  -7  35   36.548   343.95
100 BARRADINHA-PW   
  37  51   54.852  -8  25   32.688    93.33
  37  51   57.619  -8  25   29.544   145.66
104 ALCARIA RUIVA-TF
  37  41   58.642  -7  45   45.134   374.32
  37  42    1.374  -7  45   41.866   427.11
105 URZA-PS         
  37  37    3.497  -8   4   24.862   291.31
  37  37    6.230  -8   4   21.655   343.57
111 QUINTÃ-PW       
  37  28   55.945  -7  51    7.939   336.31
  37  28   58.660  -7  51    4.698   388.87