'GEOD'
'D73' 		6378388.0 0.00672267002233
'ETRS89' 	6378137.0 0.00669438002290
119
 1  GALIÑEIRO       
  42   8    5.160  -8  42    6.990   706.80
  42   8    8.230  -8  42    3.815   764.29
 2  S. NOMÉDIO      
  42   8    1.878  -8  24   50.033   691.91
  42   8    4.953  -8  24   46.803   750.20
 3  S. PAIO         
  41  55   14.591  -8  42   56.199   643.34
  41  55   17.645  -8  42   53.020   701.78
 4  STA TECLA 2º    
  41  53   13.836  -8  52   20.250   340.85
  41  53   16.885  -8  52   17.101   399.03
 5  PENEDA-PSW      
  41  58    5.623  -8  18   30.684  1372.03
  41  58    8.679  -8  18   27.433  1431.11
 6  LAROUCO-TF25    
  41  52   46.316  -7  43   16.481  1525.53
  41  52   49.366  -7  43   13.136  1584.72
 7  COROA           
  41  54   50.306  -7   0   16.454  1279.03
  41  54   53.371  -7   0   12.974  1338.77
 8  MAIROS          
  41  50   51.897  -7  20    3.001  1089.28
  41  50   54.952  -7  19   59.588  1148.41
 9  DEILÃO-PS       
  41  50   54.909  -6  35   31.494   956.44
  41  50   57.967  -6  35   27.940  1016.50
 10 STA LUZIA       
  41  45   43.600  -8  48   31.234   555.21
  41  45   46.634  -8  48   28.071   613.18
 11 OURAL-PS        
  41  43   40.304  -8  27   36.966   720.15
  41  43   43.344  -8  27   33.745   778.05
 12 CABREIRA        
  41  38   17.244  -8   2   39.125  1269.08
  41  38   20.281  -8   2   35.830  1327.50
 13 PADRELA         
  41  33   40.936  -7  31    4.923  1154.37
  41  33   43.969  -7  31    1.538  1213.20
 14 NOGUEIRA-TF23   
  41  42   59.166  -6  51   23.328  1317.94
  41  43    2.216  -6  51   19.821  1377.44
 15 LUZ             
  41  39   43.700  -6  18   28.869   915.02
  41  39   46.740  -6  18   25.263   975.03
 16 CAMPO DE VÍBORAS
  41  31   49.122  -6  33   51.794   750.66
  41  31   52.159  -6  33   48.237   810.05
 17 S. FÉLIX-PW     
  41  26    2.851  -8  42   58.242   200.39
  41  26    5.875  -8  42   55.062   257.86
 18 CITÂNIA         
  41  19   22.888  -8  23   12.820   575.16
  41  19   25.906  -8  23    9.588   632.18
 19 LUZIM-PSW       
  41   9   59.982  -8  15   51.511   555.62
  41  10    2.988  -8  15   48.257   612.41
 20 MARÃO-TF15      
  41  14   51.481  -7  53   16.216  1416.05
  41  14   54.492  -7  53   12.891  1473.68
 21 BORNES          
  41  25   59.565  -7   0   28.597  1204.92
  41  26    2.592  -7   0   25.119  1263.77
 22 FONTE LONGA-TF16
  41  14    2.333  -7  15   38.826   882.92
  41  14    5.340  -7  15   35.398   941.33
 23 LAGOAÇA         
  41  12   35.440  -6  45   34.241   890.54
  41  12   38.451  -6  45   30.727   949.17
 24 S. ROQUE        
  41  21   24.780  -6  19   21.013   790.20
  41  21   27.801  -6  19   17.411   848.31
 25 STO OVÍDIO      
  41   6   25.501  -8  35   17.160   244.56
  41   6   28.505  -8  35   13.961   301.20
 26 S. PEDRO VELHO  
  40  52   27.607  -8  16   53.933  1081.44
  40  52   30.595  -8  16   50.686  1138.26
 27 MONTEMURO-TF13  
  40  58   23.578  -7  59   19.466  1381.02
  40  58   26.572  -7  59   16.161  1438.60
 28 LEOMIL-TF14     
  40  57   17.302  -7  39   25.567  1010.57
  40  57   20.294  -7  39   22.203  1068.41
 29 PISCO-TF20      
  40  46    9.876  -7  25   30.312   988.19
  40  46   12.852  -7  25   26.907  1046.05
 30 MAROFA          
  40  51   47.854  -6  59   33.699   980.76
  40  51   50.838  -6  59   30.224  1038.88
 31 AVEIRO-EXC      
  40  38   31.206  -8  44   55.400    56.90
  40  38   34.179  -8  44   52.235   112.59
 32 PRAIA DE MIRA   
  40  27   31.911  -8  48    9.896    18.38
  40  27   34.878  -8  48    6.740    73.92
 33 CARAMULO        
  40  32   47.215  -8  12   10.626  1075.61
  40  32   50.178  -8  12    7.364  1132.10
 34 SRA DO CASTELO-E
  40  36   41.769  -7  44   40.214   627.59
  40  36   44.744  -7  44   36.855   684.28
 35 CABEÇA ALTA-TF9 
  40  31   58.629  -7  25   34.177  1287.05
  40  32    1.593  -7  25   30.779  1344.55
 36 JARMELO-TF21    
  40  35   25.462  -7   8    1.484   942.47
  40  35   28.428  -7   7   58.034  1000.22
 37 VILAR FORMOSO   
  40  36   12.999  -6  51   24.655   824.80
  40  36   15.966  -6  51   21.153   882.65
 38 GUINALDO        
  40  27   14.474  -6  52   45.230   885.56
  40  27   17.429  -6  52   41.733   943.19
 39 BUÇACO          
  40  21   39.730  -8  21   20.096   560.36
  40  21   42.684  -8  21   16.861   616.57
 40 BUARCOS-TF11    
  40  11   41.118  -8  51   17.562   213.28
  40  11   44.065  -8  51   14.417   268.19
 41 LOUSÃ-TF17      
  40   5   19.783  -8  10   48.136  1205.84
  40   5   22.718  -8  10   44.880  1261.73
 42 S. MIGUEL DE MID
  40  23    6.071  -7  56   23.996   394.37
  40  23    9.024  -7  56   20.687   450.71
 43 S. PEDRO DE AÇOR
  40  12   53.142  -7  49    8.219  1342.67
  40  12   56.087  -7  49    4.894  1399.41
 44 ESTRELA         
  40  19   15.878  -7  36   49.877  1999.90
  40  19   18.827  -7  36   46.514  2057.57
 45 GARDUNHA-PS     
  40   4   47.137  -7  31   33.385  1226.54
  40   4   50.064  -7  31   30.008  1283.29
 46 S. CORNÉLIO     
  40  21    2.087  -7  10   54.409  1013.89
  40  21    5.032  -7  10   50.966  1071.18
 47 MEZAS           
  40  16   16.948  -6  51   40.329  1260.93
  40  16   19.886  -6  51   36.827  1318.14
 48 MONSANTO-TF8    
  40   2    5.842  -7   6   55.310   761.70
  40   2    8.768  -7   6   51.858   818.31
 49 PATAIAS         
  39  41   10.877  -9   0   12.263   149.43
  39  41   13.804  -9   0    9.155   203.64
 50 MONTE REDONDO-PS
  39  53   28.534  -8  50   37.638    90.05
  39  53   31.465  -8  50   34.503   144.66
 51 SICÓ-PSW        
  39  55   10.463  -8  32   26.949   553.55
  39  55   13.394  -8  32   23.766   608.32
 52 CABEÇO RAINHA-TF
  39  50   51.994  -7  55   35.498  1084.77
  39  50   54.912  -7  55   32.200  1140.66
 53 MELRIÇA -TF4    
  39  41   35.993  -8   7   51.792   595.19
  39  41   38.904  -8   7   48.527   650.43
 54 S. MARTINHO-PE  
  39  48    7.770  -7  27   52.421   435.51
  39  48   10.676  -7  27   49.036   491.60
 55 CABEÇO ALTO     
  39  44    1.252  -7   2   27.383   410.05
  39  44    4.154  -7   2   23.919   466.24
 56 PENICHE-PNE     
  39  21   35.252  -9  24   31.081    54.29
  39  21   38.161  -9  24   28.045   107.70
 57 BOURO           
  39  27   10.984  -9  12    7.213   167.55
  39  27   13.894  -9  12    4.134   221.07
 58 CANDEEIROS      
  39  26   11.798  -8  55   10.034   497.07
  39  26   14.700  -8  55    6.915   551.11
 59 AIRE-TF6        
  39  32    5.962  -8  38   14.918   678.96
  39  32    8.868  -8  38   11.755   733.66
 60 MEDROA          
  39  31   12.441  -8  17   37.970   283.39
  39  31   15.340  -8  17   34.743   338.14
 61 CABEÇA GORDA    
  39  20    2.060  -8  45    4.699   172.12
  39  20    4.953  -8  45    1.559   226.00
 62 FIGUEIRAS       
  39  20    7.302  -8  25    5.577   205.35
  39  20   10.190  -8  25    2.376   259.59
 63 S. MIGUEL DE NIS
  39  34   28.205  -7  37   51.546   462.81
  39  34   31.102  -7  37   48.192   518.50
 64 VALE DE ÁGUA    
  39  21   58.511  -8   0   44.335   294.05
  39  22    1.394  -8   0   41.058   348.85
 65 SANTIAGO        
  39  36   11.536  -7  13    2.161   622.73
  39  36   14.424  -7  12   58.724   680.11
 66 S. MAMEDE-TF3   
  39  18   45.743  -7  21   41.439  1027.00
  39  18   48.613  -7  21   38.039  1082.90
 67 MONTEJUNTO-TF7  
  39  10   21.268  -9   2   57.848   667.29
  39  10   24.155  -9   2   54.757   720.90
 68 ROMÃ-PSW        
  39   0   41.532  -9  19    2.725   217.74
  39   0   44.414  -9  18   59.692   270.76
 69 ALMEIRIM        
  39   8   29.198  -8  35   15.096   177.75
  39   8   32.074  -8  35   11.929   231.58
 70 MONTARGIL-TF2   
  39   4   35.436  -8  11   17.631   236.81
  39   4   38.299  -8  11   14.393   291.13
 71 ALTER PEDROSO   
  39  11   18.014  -7  37   25.183   420.84
  39  11   20.875  -7  37   21.836   475.82
 72 ATALAIA DA CONTE
  39   1   49.151  -7   6   29.200   343.86
  39   1   51.989  -7   6   25.758   398.62
 73 MONGE           
  38  46   24.703  -9  26   32.356   501.76
  38  46   27.568  -9  26   29.356   554.50
 74 SERVES-TF1      
  38  53   36.382  -9   5   30.736   352.43
  38  53   39.251  -9   5   27.667   405.53
 75 LISBOA          
  38  42   46.453  -9   8    2.430   113.16
  38  42   49.307  -9   7   59.377   165.71
 76 S. TORCATO      
  38  50   23.215  -8  31   11.739   145.83
  38  50   26.067  -8  31    8.567   199.20
 77 BOMBEL          
  38  41   16.643  -8  32   27.579   145.32
  38  41   19.486  -8  32   24.420   198.54
 78 CAIXEIRO        
  38  54   55.981  -7  39   18.022   463.46
  38  54   58.822  -7  39   14.689   517.65
 79 ARRAIOLOS       
  38  43   29.697  -7  59   20.531   413.45
  38  43   32.530  -7  59   17.267   467.50
 80 OSSA-TF29       
  38  44   19.426  -7  35    5.873   654.07
  38  44   22.249  -7  35    2.532   708.50
 81 REGO-PSE        
  38  50   20.766  -7  15   34.890   475.95
  38  50   23.592  -7  15   31.486   530.68
 82 PALMELA         
  38  33   55.340  -8  54    4.064   275.05
  38  33   58.181  -8  54     .973   327.74
 83 SESIMBRA        
  38  27    7.239  -9   6   27.454   255.69
  38  27   10.075  -9   6   24.407   307.98
 84 SERRINHA-PE     
  38  29   28.011  -8  31   26.317   187.65
  38  29   30.834  -8  31   23.164   240.63
 85 MONFURADO-TF28  
  38  34    6.106  -8  11   27.022   426.68
  38  34    8.928  -8  11   23.804   480.48
 86 CARRASCAIS      
  38  14   42.170  -8  14    8.431   116.24
  38  14   44.968  -8  14    5.233   169.33
 87 ESPINHEIRA      
  38  26   50.993  -7  48    6.437   282.42
  38  26   53.796  -7  48    3.149   335.95
 88 MENDRO-TF31     
  38  14   43.448  -7  47    5.375   414.22
  38  14   46.234  -7  47    2.092   467.74
 89 S. VICENTE-PSE  
  38  19   16.896  -8   0   21.791   383.42
  38  19   19.694  -8   0   18.547   436.93
 90 MONSARAZ        
  38  26   29.743  -7  22   57.090   345.69
  38  26   32.535  -7  22   53.723   399.54
 91 MENTIRAS-PE     
  38  13   39.741  -7   9   17.237   286.23
  38  13   42.509  -7   9   13.835   340.10
 92 ATALAIA DE GRÂND
  38  10    6.525  -8  38   47.157   328.07
  38  10    9.327  -8  38   44.038   380.74
 93 BARROS-PE       
  38   3    2.110  -8  26   11.314   119.60
  38   3    4.897  -8  26    8.164   172.17
 94 ALJUSTREL-TF33  
  37  52   50.918  -8  10    6.328   249.59
  37  52   53.681  -8  10    3.136   302.14
 95 ATALAIA GORDA   
  38   5   36.236  -7  26   49.329   288.18
  38   5   38.999  -7  26   45.985   341.73
 96 BEJA            
  38   0   59.585  -7  51   59.250   316.86
  38   1    2.352  -7  51   55.992   369.96
 97 GUADALUPE       
  37  55   44.160  -7  35   39.860   290.73
  37  55   46.912  -7  35   36.548   343.95
 98 FICALHO-PSW     
  37  57   48.978  -7  17    7.041   525.28
  37  57   51.725  -7  17    3.670   579.62
 99 CERCAL-TF32     
  37  47   37.043  -8  43   10.568   343.13
  37  47   39.814  -8  43    7.486   395.08
100 BARRADINHA-PW   
  37  51   54.852  -8  25   32.688    93.33
  37  51   57.619  -8  25   29.544   145.66
101 S. TEOTÓNIO-PE  
  37  30   23.482  -8  43    3.285   223.20
  37  30   26.226  -8  43     .220   274.90
102 VIGIA-TF34      
  37  36   51.397  -8  23   14.173   396.98
  37  36   54.142  -8  23   11.032   449.06
103 ÁGUA NEGRA      
  37  47   38.327  -7  27    5.209   262.90
  37  47   41.062  -7  27    1.875   316.01
104 ALCARIA RUIVA-TF
  37  41   58.642  -7  45   45.134   374.32
  37  42    1.374  -7  45   41.866   427.11
105 URZA-PS         
  37  37    3.497  -8   4   24.862   291.31
  37  37    6.230  -8   4   21.655   343.57
106 GRANADO         
  37  32   16.715  -7  27    6.512   323.47
  37  32   19.422  -7  27    3.191   375.50
107 ARRIFANA-PE     
  37  16   57.995  -8  51   39.612   116.64
  37  17     .726  -8  51   36.586   168.06
108 FOIA-TF36       
  37  18   53.293  -8  35   50.089   904.64
  37  18   56.017  -8  35   47.007   956.78
109 POLDRA          
  37  13    6.628  -8  46   51.908   256.23
  37  13    9.350  -8  46   48.871   307.52
110 MÚ-TF37         
  37  22   11.938  -8   4   52.480   579.87
  37  22   14.651  -8   4   49.286   632.32
111 QUINTÃ-PW       
  37  28   55.945  -7  51    7.939   336.31
  37  28   58.660  -7  51    4.698   388.87
112 MONTE GORDO     
  37  19   51.560  -7  24   32.891   162.46
  37  19   54.242  -7  24   29.571   214.17
113 ALCARIA DO CUME-
  37  14   33.775  -7  44   23.838   527.80
  37  14   36.464  -7  44   20.588   579.82
114 CABEÇA          
  37  11    8.953  -7  29   17.774    59.68
  37  11   11.627  -7  29   14.483   111.15
115 TORRE DE ASPA-PE
  37   5    5.129  -8  57    9.345   159.00
  37   5    7.841  -8  57    6.352   209.98
116 ATALAIA-PN      
  37   5   14.643  -8  43    9.792   111.29
  37   5   17.348  -8  43    6.744   162.32
117 SOBRAL          
  37   8   15.388  -8  23   43.570   113.00
  37   8   18.088  -8  23   40.453   164.15
118 GUILHIM-TF40    
  37   6    1.557  -7  56    2.163   315.46
  37   6    4.239  -7  55   58.957   366.93
119 STA MARIA-EXC   
  36  58   25.879  -7  51   57.853     6.63
  36  58   28.552  -7  51   54.637    57.89
