    Nome                     Latitude (º ' '')  Longitude (º ' '') h topo (m)
 1  GALIÑEIRO                   42    8    5.160   -8   42    6.990    706.80
 2  S. NOMÉDIO                  42    8    1.878   -8   24   50.033    691.91
 3  S. PAIO                     41   55   14.591   -8   42   56.199    643.34
 4  STA TECLA 2º                41   53   13.836   -8   52   20.250    340.85
 5  PENEDA-PSW                  41   58    5.623   -8   18   30.684   1372.03
 6  LAROUCO-TF25                41   52   46.316   -7   43   16.481   1525.53
 7  COROA                       41   54   50.306   -7    0   16.454   1279.03
 8  MAIROS                      41   50   51.897   -7   20    3.001   1089.28
 9  DEILÃO-PS                   41   50   54.909   -6   35   31.494    956.44
 10 STA LUZIA                   41   45   43.600   -8   48   31.234    555.21
 11 OURAL-PS                    41   43   40.304   -8   27   36.966    720.15
 12 CABREIRA                    41   38   17.244   -8    2   39.125   1269.08
 13 PADRELA                     41   33   40.936   -7   31    4.923   1154.37
 14 NOGUEIRA-TF23               41   42   59.166   -6   51   23.328   1317.94
 15 LUZ                         41   39   43.700   -6   18   28.869    915.02
 16 CAMPO DE VÍBORAS-PE         41   31   49.122   -6   33   51.794    750.66
 17 S. FÉLIX-PW                 41   26    2.851   -8   42   58.242    200.39
 18 CITÂNIA                     41   19   22.888   -8   23   12.820    575.16
 19 LUZIM-PSW                   41    9   59.982   -8   15   51.511    555.62
 20 MARÃO-TF15                  41   14   51.481   -7   53   16.216   1416.05
 21 BORNES                      41   25   59.565   -7    0   28.597   1204.92
 22 FONTE LONGA-TF16            41   14    2.333   -7   15   38.826    882.92
 23 LAGOAÇA                     41   12   35.440   -6   45   34.241    890.54
 24 S. ROQUE                    41   21   24.780   -6   19   21.013    790.20
 25 STO OVÍDIO                  41    6   25.501   -8   35   17.160    244.56
 26 S. PEDRO VELHO              40   52   27.607   -8   16   53.933   1081.44
 27 MONTEMURO-TF13              40   58   23.578   -7   59   19.466   1381.02
 28 LEOMIL-TF14                 40   57   17.302   -7   39   25.567   1010.57
 29 PISCO-TF20                  40   46    9.876   -7   25   30.312    988.19
 30 MAROFA                      40   51   47.854   -6   59   33.699    980.76
 31 AVEIRO-EXC                  40   38   31.206   -8   44   55.400     56.90
 32 PRAIA DE MIRA               40   27   31.911   -8   48    9.896     18.38
 33 CARAMULO                    40   32   47.215   -8   12   10.626   1075.61
 34 SRA DO CASTELO-EXC          40   36   41.769   -7   44   40.214    627.59
 35 CABEÇA ALTA-TF9             40   31   58.629   -7   25   34.177   1287.05
 36 JARMELO-TF21                40   35   25.462   -7    8    1.484    942.47
 37 VILAR FORMOSO               40   36   12.999   -6   51   24.655    824.80
 38 GUINALDO                    40   27   14.474   -6   52   45.230    885.56
 39 BUÇACO                      40   21   39.730   -8   21   20.096    560.36
 40 BUARCOS-TF11                40   11   41.118   -8   51   17.562    213.28
 41 LOUSÃ-TF17                  40    5   19.783   -8   10   48.136   1205.84
 42 S. MIGUEL DE MIDÕES         40   23    6.071   -7   56   23.996    394.37
 43 S. PEDRO DE AÇOR-PS         40   12   53.142   -7   49    8.219   1342.67
 44 ESTRELA                     40   19   15.878   -7   36   49.877   1999.90
 45 GARDUNHA-PS                 40    4   47.137   -7   31   33.385   1226.54
 46 S. CORNÉLIO                 40   21    2.087   -7   10   54.409   1013.89
 47 MEZAS                       40   16   16.948   -6   51   40.329   1260.93
 48 MONSANTO-TF8                40    2    5.842   -7    6   55.310    761.70
 49 PATAIAS                     39   41   10.877   -9    0   12.263    149.43
 50 MONTE REDONDO-PSE           39   53   28.534   -8   50   37.638     90.05
 51 SICÓ-PSW                    39   55   10.463   -8   32   26.949    553.55
 52 CABEÇO RAINHA-TF5           39   50   51.994   -7   55   35.498   1084.77
 53 MELRIÇA -TF4                39   41   35.993   -8    7   51.792    595.19
 54 S. MARTINHO-PE              39   48    7.770   -7   27   52.421    435.51
 55 CABEÇO ALTO                 39   44    1.252   -7    2   27.383    410.05
 56 PENICHE-PNE                 39   21   35.252   -9   24   31.081     54.29
 57 BOURO                       39   27   10.984   -9   12    7.213    167.55
 58 CANDEEIROS                  39   26   11.798   -8   55   10.034    497.07
 59 AIRE-TF6                    39   32    5.962   -8   38   14.918    678.96
 60 MEDROA                      39   31   12.441   -8   17   37.970    283.39
 61 CABEÇA GORDA                39   20    2.060   -8   45    4.699    172.12
 62 FIGUEIRAS                   39   20    7.302   -8   25    5.577    205.35
 63 S. MIGUEL DE NISA-PS        39   34   28.205   -7   37   51.546    462.81
 64 VALE DE ÁGUA                39   21   58.511   -8    0   44.335    294.05
 65 SANTIAGO                    39   36   11.536   -7   13    2.161    622.73
 66 S. MAMEDE-TF3               39   18   45.743   -7   21   41.439   1027.00
 67 MONTEJUNTO-TF7              39   10   21.268   -9    2   57.848    667.29
 68 ROMÃ-PSW                    39    0   41.532   -9   19    2.725    217.74
 69 ALMEIRIM                    39    8   29.198   -8   35   15.096    177.75
 70 MONTARGIL-TF2               39    4   35.436   -8   11   17.631    236.81
 71 ALTER PEDROSO               39   11   18.014   -7   37   25.183    420.84
 72 ATALAIA DA CONTENDA         39    1   49.151   -7    6   29.200    343.86
 73 MONGE                       38   46   24.703   -9   26   32.356    501.76
 74 SERVES-TF1                  38   53   36.382   -9    5   30.736    352.43
 75 LISBOA                      38   42   46.453   -9    8    2.430    113.16
 76 S. TORCATO                  38   50   23.215   -8   31   11.739    145.83
 77 BOMBEL                      38   41   16.643   -8   32   27.579    145.32
 78 CAIXEIRO                    38   54   55.981   -7   39   18.022    463.46
 79 ARRAIOLOS                   38   43   29.697   -7   59   20.531    413.45
 80 OSSA-TF29                   38   44   19.426   -7   35    5.873    654.07
 81 REGO-PSE                    38   50   20.766   -7   15   34.890    475.95
 82 PALMELA                     38   33   55.340   -8   54    4.064    275.05
 83 SESIMBRA                    38   27    7.239   -9    6   27.454    255.69
 84 SERRINHA-PE                 38   29   28.011   -8   31   26.317    187.65
 85 MONFURADO-TF28              38   34    6.106   -8   11   27.022    426.68
 86 CARRASCAIS                  38   14   42.170   -8   14    8.431    116.24
 87 ESPINHEIRA                  38   26   50.993   -7   48    6.437    282.42
 88 MENDRO-TF31                 38   14   43.448   -7   47    5.375    414.22
 89 S. VICENTE-PSE              38   19   16.896   -8    0   21.791    383.42
 90 MONSARAZ                    38   26   29.743   -7   22   57.090    345.69
 91 MENTIRAS-PE                 38   13   39.741   -7    9   17.237    286.23
 92 ATALAIA DE GRÂNDOLA-TF30    38   10    6.525   -8   38   47.157    328.07
 93 BARROS-PE                   38    3    2.110   -8   26   11.314    119.60
 94 ALJUSTREL-TF33              37   52   50.918   -8   10    6.328    249.59
 95 ATALAIA GORDA               38    5   36.236   -7   26   49.329    288.18
 96 BEJA                        38    0   59.585   -7   51   59.250    316.86
 97 GUADALUPE                   37   55   44.160   -7   35   39.860    290.73
 98 FICALHO-PSW                 37   57   48.978   -7   17    7.041    525.28
 99 CERCAL-TF32                 37   47   37.043   -8   43   10.568    343.13
100 BARRADINHA-PW               37   51   54.852   -8   25   32.688     93.33
101 S. TEOTÓNIO-PE              37   30   23.482   -8   43    3.285    223.20
102 VIGIA-TF34                  37   36   51.397   -8   23   14.173    396.98
103 ÁGUA NEGRA                  37   47   38.327   -7   27    5.209    262.90
104 ALCARIA RUIVA-TF35          37   41   58.642   -7   45   45.134    374.32
105 URZA-PS                     37   37    3.497   -8    4   24.862    291.31
106 GRANADO                     37   32   16.715   -7   27    6.512    323.47
107 ARRIFANA-PE                 37   16   57.995   -8   51   39.612    116.64
108 FOIA-TF36                   37   18   53.293   -8   35   50.089    904.64
109 POLDRA                      37   13    6.628   -8   46   51.908    256.23
110 MÚ-TF37                     37   22   11.938   -8    4   52.480    579.87
111 QUINTÃ-PW                   37   28   55.945   -7   51    7.939    336.31
112 MONTE GORDO                 37   19   51.560   -7   24   32.891    162.46
113 ALCARIA DO CUME-TF38        37   14   33.775   -7   44   23.838    527.80
114 CABEÇA                      37   11    8.953   -7   29   17.774     59.68
115 TORRE DE ASPA-PE            37    5    5.129   -8   57    9.345    159.00
116 ATALAIA-PN                  37    5   14.643   -8   43    9.792    111.29
117 SOBRAL                      37    8   15.388   -8   23   43.570    113.00
118 GUILHIM-TF40                37    6    1.557   -7   56    2.163    315.46
119 STA MARIA-EXC               36   58   25.879   -7   51   57.853      6.63
