     Nome                     Latitude (º ´ ´´)  Longitude (º ´ ´´) h topo (m)
 1  GALIÑEIRO                   42    8   8.2580   -8   42   3.7822    765.15
 2  S. NOMÉDIO                  42    8   4.9713   -8   24  46.7716    750.51
 3  S. PAIO                     41   55  17.6721   -8   42  52.9998    701.35
 4  STA TECLA 2º                41   53  16.9170   -8   52  17.0807    398.68
 5  PENEDA-PSW                  41   58   8.7010   -8   18  27.4082   1430.47
 6  LAROUCO-TF25                41   52  49.3769   -7   43  13.0992   1584.37
 7  COROA                       41   54  53.3568   -7    0  12.9387   1338.59
 8  MAIROS                      41   50  54.9487   -7   19  59.5485   1148.43
 9  DEILÃO-PS                   41   50  57.9470   -6   35  27.9048   1016.31
 10 STA LUZIA                   41   45  46.6699   -8   48  28.0565    612.90
 11 OURAL-PS                    41   43  43.3656   -8   27  33.7250    778.09
 12 CABREIRA                    41   38  20.2914   -8    2  35.8101   1327.26
 13 PADRELA                     41   33  43.9683   -7   31   1.5135   1212.92
 14 NOGUEIRA-TF23               41   43   2.1985   -6   51  19.7920   1377.35
 15 LUZ                         41   39  46.7179   -6   18  25.2341    974.89
 16 CAMPO DE VÍBORAS            41   31  52.1346   -6   33  48.2105    810.08
 17 S. FÉLIX-PW                 41   26   5.8935   -8   42  55.0563    257.66
 18 CITÂNIA                     41   19  25.9164   -8   23   9.5770    632.56
 19 LUZIM-PSW                   41   10   2.9961   -8   15  48.2499    612.89
 20 MARÃO-TF15                  41   14  54.4949   -7   53  12.8840   1473.79
 21 BORNES                      41   26   2.5781   -7    0  25.0981   1263.76
 22 FONTE LONGA-TF16            41   14   5.3352   -7   15  35.3795    941.23
 23 LAGOAÇA                     41   12  38.4312   -6   45  30.7038    949.30
 24 S. ROQUE                    41   21  27.7744   -6   19  17.3913    849.61
 25 STO OVÍDIO                  41    6  28.5157   -8   35  13.9597    301.46
 26 S. PEDRO VELHO              40   52  30.5983   -8   16  50.6835   1138.27
 27 MONTEMURO-TF13              40   58  26.5722   -7   59  16.1604   1438.26
 28 LEOMIL-TF14                 40   57  20.2893   -7   39  22.2013   1068.09
 29 PISCO-TF20                  40   46  12.8450   -7   25  26.9096   1045.66
 30 MAROFA                      40   51  50.8226   -6   59  30.2153   1038.78
 31 AVEIRO-EXC                  40   38  34.1869   -8   44  52.2414    112.96
 32 PRAIA DE MIRA               40   27  34.8786   -8   48   6.7519     74.13
 33 CARAMULO                    40   32  50.1796   -8   12   7.3712   1132.03
 34 SRA DO CASTELO-E            40   36  44.7314   -7   44  36.8740    684.52
 35 CABEÇA ALTA-TF9             40   32   1.5796   -7   25  30.7820   1344.17
 36 JARMELO-TF21                40   35  28.4121   -7    7  58.0343    999.96
 37 VILAR FORMOSO               40   36  15.9452   -6   51  21.1548    882.58
 38 GUINALDO                    40   27  17.4091   -6   52  41.7385    943.10
 39 BUÇACO                      40   21  42.6829   -8   21  16.8736    616.37
 40 BUARCOS-TF11                40   11  44.0658   -8   51  14.4341    268.60
 41 LOUSÃ-TF17                  40    5  22.7120   -8   10  44.8895   1261.61
 42 S. MIGUEL DE MID            40   23   9.0192   -7   56  20.6977    450.79
 43 S. PEDRO DE AÇOR            40   12  56.0748   -7   49   4.9040   1398.96
 44 ESTRELA                     40   19  18.8153   -7   36  46.5224   2056.54
 45 GARDUNHA-PS                 40    4  50.0547   -7   31  30.0211   1282.91
 46 S. CORNÉLIO                 40   21   5.0196   -7   10  50.9752   1070.98
 47 MEZAS                       40   16  19.8687   -6   51  36.8400   1318.23
 48 MONSANTO-TF8                40    2   8.7495   -7    6  51.8735    818.41
 49 PATAIAS                     39   41  13.7881   -9    0   9.1743    203.88
 50 MONTE REDONDO-PS            39   53  31.4584   -8   50  34.5156    144.94
 51 SICÓ-PSW                    39   55  13.3849   -8   32  23.7715    608.75
 52 CABEÇO RAINHA-TF            39   50  54.9007   -7   55  32.2123   1140.43
 53 MELRIÇA -TF4                39   41  38.8914   -8    7  48.5468    650.44
 54 S. MARTINHO-PE              39   48  10.6660   -7   27  49.0535    491.55
 55 CABEÇO ALTO                 39   44   4.1356   -7    2  23.9418    466.40
 56 PENICHE-PNE                 39   21  38.1439   -9   24  28.0724    107.92
 57 BOURO                       39   27  13.8801   -9   12   4.1653    221.49
 58 CANDEEIROS                  39   26  14.6888   -8   55   6.9363    551.24
 59 AIRE-TF6                    39   32   8.8561   -8   38  11.7675    733.52
 60 MEDROA                      39   31  15.3290   -8   17  34.7583    338.24
 61 CABEÇA GORDA                39   20   4.9408   -8   45   1.5735    226.29
 62 FIGUEIRAS                   39   20  10.1780   -8   25   2.3921    259.83
 63 S. MIGUEL DE NIS            39   34  31.0865   -7   37  48.2146    518.36
 64 VALE DE ÁGUA                39   22   1.3830   -8    0  41.0770    348.95
 65 SANTIAGO                    39   36  14.4127   -7   12  58.7551    678.73
 66 S. MAMEDE-TF3               39   18  48.6002   -7   21  38.0671   1082.45
 67 MONTEJUNTO-TF7              39   10  24.1406   -9    2  54.7797    720.97
 68 ROMÃ-PSW                    39    0  44.3964   -9   18  59.7079    270.96
 69 ALMEIRIM                    39    8  32.0619   -8   35  11.9460    231.80
 70 MONTARGIL-TF2               39    4  38.2891   -8   11  14.4116    291.14
 71 ALTER PEDROSO               39   11  20.8665   -7   37  21.8607    475.86
 72 ATALAIA DA CONTE            39    1  51.9833   -7    6  25.7907    399.16
 73 MONGE                       38   46  27.5511   -9   26  29.3664    554.53
 74 SERVES-TF1                  38   53  39.2344   -9    5  27.6815    405.68
 75 LISBOA                      38   42  49.2926   -9    7  59.3868    166.12
 76 S. TORCATO                  38   50  26.0554   -8   31   8.5842    199.52
 77 BOMBEL                      38   41  19.4724   -8   32  24.4315    198.78
 78 CAIXEIRO                    38   54  58.8137   -7   39  14.7124    518.07
 79 ARRAIOLOS                   38   43  32.5209   -7   59  17.2852    467.47
 80 OSSA-TF29                   38   44  22.2445   -7   35   2.5558    708.50
 81 REGO-PSE                    38   50  23.5867   -7   15  31.5127    530.84
 82 PALMELA                     38   33  58.1654   -8   54    .9830    328.01
 83 SESIMBRA                    38   27  10.0588   -9    6  24.4119    308.31
 84 SERRINHA-PE                 38   29  30.8256   -8   31  23.1711    240.85
 85 MONFURADO-TF28              38   34   8.9214   -8   11  23.8157    480.30
 86 CARRASCAIS                  38   14  44.9624   -8   14   5.2401    169.37
 87 ESPINHEIRA                  38   26  53.7936   -7   48   3.1651    336.24
 88 MENDRO-TF31                 38   14  46.2335   -7   47   2.1052    467.78
 89 S. VICENTE-PSE              38   19  19.6905   -8    0  18.5581    436.87
 90 MONSARAZ                    38   26  32.5366   -7   22  53.7448    399.91
 91 MENTIRAS-PE                 38   13  42.5153   -7    9  13.8575    340.39
 92 ATALAIA DE GRÂND            38   10   9.3176   -8   38  44.0401    380.71
 93 BARROS-PE                   38    3   4.8911   -8   26   8.1628    172.28
 94 ALJUSTREL-TF33              37   52  53.6829   -8   10   3.1339    302.29
 95 ATALAIA GORDA               38    5  39.0053   -7   26  46.0040    341.87
 96 BEJA                        38    1   2.3552   -7   51  56.0001    370.03
 97 GUADALUPE                   37   55  46.9197   -7   35  36.5648    344.05
 98 FICALHO-PSW                 37   57  51.7352   -7   17   3.6912    578.95
 99 CERCAL-TF32                 37   47  39.8093   -8   43   7.4722    395.19
100 BARRADINHA-PW               37   51  57.6195   -8   25  29.5391    145.76
101 S. TEOTÓNIO-PE              37   30  26.2275   -8   43    .1949    274.88
102 VIGIA-TF34                  37   36  54.1457   -8   23  11.0232    449.11
103 ÁGUA NEGRA                  37   47  41.0747   -7   27   1.8922    316.18
104 ALCARIA RUIVA-TF            37   42   1.3877   -7   45  41.8736    427.17
105 URZA-PS                     37   37   6.2415   -8    4  21.6575    343.74
106 GRANADO                     37   32  19.4444   -7   27   3.2016    376.41
107 ARRIFANA-PE                 37   17    .7264   -8   51  36.5515    167.89
108 FOIA-TF36                   37   18  56.0229   -8   35  46.9824    956.17
109 POLDRA                      37   13   9.3537   -8   46  48.8351    307.46
110 MÚ-TF37                     37   22  14.6647   -8    4  49.2827    631.97
111 QUINTÃ-PW                   37   28  58.6765   -7   51   4.6993    388.78
112 MONTE GORDO                 37   19  54.2740   -7   24  29.5782    215.16
113 ALCARIA DO CUME-            37   14  36.4876   -7   44  20.5846    580.06
114 CABEÇA                      37   11  11.6580   -7   29  14.4783    112.11
115 TORRE DE ASPA-PE            37    5   7.8474   -8   57   6.3045    209.90
116 ATALAIA-PN                  37    5  17.3586   -8   43   6.7110    162.41
117 SOBRAL                      37    8  18.1027   -8   23  40.4320    164.49
118 GUILHIM-TF40                37    6   4.2625   -7   55  58.9462    367.34
119 STA MARIA-EXC               36   58  28.5747   -7   51  54.6272     58.41
