'GEOD'
'D73' 		6378388.0 0.00672267002233
'ETRS89' 	6378137.0 0.00669438002290
10
 11 OURAL-PS        
  41  43   40.304  -8  27   36.966   720.15
  41  43   43.344  -8  27   33.745   778.05
 22 FONTE LONGA-TF16
  41  14    2.333  -7  15   38.826   882.92
  41  14    5.340  -7  15   35.398   941.33
 39 BUÇACO          
  40  21   39.730  -8  21   20.096   560.36
  40  21   42.684  -8  21   16.861   616.57
 53 MELRIÇA -TF4    
  39  41   35.993  -8   7   51.792   595.19
  39  41   38.904  -8   7   48.527   650.43
 61 CABEÇA GORDA    
  39  20    2.060  -8  45    4.699   172.12
  39  20    4.953  -8  45    1.559   226.00
 79 ARRAIOLOS       
  38  43   29.697  -7  59   20.531   413.45
  38  43   32.530  -7  59   17.267   467.50
 82 PALMELA         
  38  33   55.340  -8  54    4.064   275.05
  38  33   58.181  -8  54     .973   327.74
100 BARRADINHA-PW   
  37  51   54.852  -8  25   32.688    93.33
  37  51   57.619  -8  25   29.544   145.66
108 FOIA-TF36       
  37  18   53.293  -8  35   50.089   904.64
  37  18   56.017  -8  35   47.007   956.78
113 ALCARIA DO CUME-
  37  14   33.775  -7  44   23.838   527.80
  37  14   36.464  -7  44   20.588   579.82