'GEOD'
'D73' 		6378388.0 0.00672267002233
'ETRS89' 	6378137.0 0.00669438002290
10
 10 STA LUZIA       
  41  45   43.600  -8  48   31.234   555.21
  41  45   46.634  -8  48   28.071   613.18
 15 LUZ             
  41  39   43.700  -6  18   28.869   915.02
  41  39   46.740  -6  18   25.263   975.03
 28 LEOMIL-TF14     
  40  57   17.302  -7  39   25.567  1010.57
  40  57   20.294  -7  39   22.203  1068.41
 45 GARDUNHA-PS     
  40   4   47.137  -7  31   33.385  1226.54
  40   4   50.064  -7  31   30.008  1283.29
 53 MELRIÇA -TF4    
  39  41   35.993  -8   7   51.792   595.19
  39  41   38.904  -8   7   48.527   650.43
 72 ATALAIA DA CONTE
  39   1   49.151  -7   6   29.200   343.86
  39   1   51.989  -7   6   25.758   398.62
 73 MONGE           
  38  46   24.703  -9  26   32.356   501.76
  38  46   27.568  -9  26   29.356   554.50
 94 ALJUSTREL-TF33  
  37  52   50.918  -8  10    6.328   249.59
  37  52   53.681  -8  10    3.136   302.14
114 CABEÇA          
  37  11    8.953  -7  29   17.774    59.68
  37  11   11.627  -7  29   14.483   111.15
115 TORRE DE ASPA-PE
  37   5    5.129  -8  57    9.345   159.00
  37   5    7.841  -8  57    6.352   209.98