'GEOD'
'D73' 		6378388.0 0.00672267002233
'ETRS89' 	6378137.0 0.00669438002290
20
 6  LAROUCO-TF25    
  41  52   46.316  -7  43   16.481  1525.53
  41  52   49.366  -7  43   13.136  1584.72
 10 STA LUZIA       
  41  45   43.600  -8  48   31.234   555.21
  41  45   46.634  -8  48   28.071   613.18
 15 LUZ             
  41  39   43.700  -6  18   28.869   915.02
  41  39   46.740  -6  18   25.263   975.03
 28 LEOMIL-TF14     
  40  57   17.302  -7  39   25.567  1010.57
  40  57   20.294  -7  39   22.203  1068.41
 32 PRAIA DE MIRA   
  40  27   31.911  -8  48    9.896    18.38
  40  27   34.878  -8  48    6.740    73.92
 34 SRA DO CASTELO-E
  40  36   41.769  -7  44   40.214   627.59
  40  36   44.744  -7  44   36.855   684.28
 45 GARDUNHA-PS     
  40   4   47.137  -7  31   33.385  1226.54
  40   4   50.064  -7  31   30.008  1283.29
 47 MEZAS           
  40  16   16.948  -6  51   40.329  1260.93
  40  16   19.886  -6  51   36.827  1318.14
 53 MELRIÇA -TF4    
  39  41   35.993  -8   7   51.792   595.19
  39  41   38.904  -8   7   48.527   650.43
 55 CABEÇO ALTO     
  39  44    1.252  -7   2   27.383   410.05
  39  44    4.154  -7   2   23.919   466.24
 59 AIRE-TF6        
  39  32    5.962  -8  38   14.918   678.96
  39  32    8.868  -8  38   11.755   733.66
 72 ATALAIA DA CONTE
  39   1   49.151  -7   6   29.200   343.86
  39   1   51.989  -7   6   25.758   398.62
 73 MONGE           
  38  46   24.703  -9  26   32.356   501.76
  38  46   27.568  -9  26   29.356   554.50
 78 CAIXEIRO        
  38  54   55.981  -7  39   18.022   463.46
  38  54   58.822  -7  39   14.689   517.65
 91 MENTIRAS-PE     
  38  13   39.741  -7   9   17.237   286.23
  38  13   42.509  -7   9   13.835   340.10
 94 ALJUSTREL-TF33  
  37  52   50.918  -8  10    6.328   249.59
  37  52   53.681  -8  10    3.136   302.14
 99 CERCAL-TF32     
  37  47   37.043  -8  43   10.568   343.13
  37  47   39.814  -8  43    7.486   395.08
114 CABEÇA          
  37  11    8.953  -7  29   17.774    59.68
  37  11   11.627  -7  29   14.483   111.15
115 TORRE DE ASPA-PE
  37   5    5.129  -8  57    9.345   159.00
  37   5    7.841  -8  57    6.352   209.98
119 STA MARIA-EXC   
  36  58   25.879  -7  51   57.853     6.63
  36  58   28.552  -7  51   54.637    57.89
