'GEOD'                                 
'D73'   6378388.0  0.00672267002233
'WGS84' 6378137.0  0.00669437998068
124                                 
S NOMEDIO           
  42   8    1.878  -8  24   50.033   694.80
  42   8    4.950  -8  24   46.800   751.07
PENEDA              
  41  58    5.721  -8  18   30.654  1381.72
  41  58    8.782  -8  18   27.406  1437.97
GIESTOSO            
  42   2   20.080  -8   6   14.184  1343.99
  42   2   23.146  -8   6   10.900  1400.17
LAROUCO             
  41  52   46.443  -7  43   16.603  1535.70
  41  52   49.500  -7  43   13.259  1592.68
MAIROS              
  41  50   51.897  -7  20    3.001  1092.00
  41  50   54.954  -7  19   59.590  1148.76
COROA               
  41  54   50.306  -7   0   16.454  1281.77
  41  54   53.369  -7   0   12.984  1339.18
DEILAO              
  41  50   55.012  -6  35   31.497   967.46
  41  50   58.071  -6  35   27.953  1024.77
OURAL               
  41  43   40.450  -8  27   36.998   730.92
  41  43   43.496  -8  27   33.774   786.86
SAMEIRO             
  41  32   27.406  -8  22   13.259   621.48
  41  32   30.441  -8  22   10.020   677.60
CABREIRA            
  41  38   17.244  -8   2   39.124  1271.04
  41  38   20.286  -8   2   35.832  1327.71
P ADRELA            
  41  33   40.936  -7  31    4.923  1157.03
  41  33   43.973  -7  31    1.542  1213.40
LAJEDO              
  41  42   48.440  -7  10   12.229   588.38
  41  42   51.489  -7  10    8.789   645.54
NOGUEIRA            
  41  42   59.277  -6  51   23.258  1329.62
  41  43    2.326  -6  51   19.761  1386.70
CAMPO DE VIBORAS    
  41  31   49.219  -6  33   51.848   761.13
  41  31   52.255  -6  33   48.297   817.76
S FELIX             
  41  26    2.854  -8  42   58.128   210.25
  41  26    5.883  -8  42   54.946   265.44
CIT ANIA            
  41  19   22.888  -8  23   12.820   576.95
  41  19   25.910  -8  23    9.584   632.93
LUZIM               
  41  10     .089  -8  15   51.450   564.18
  41  10    3.101  -8  15   48.194   620.53
MARAO               
  41  14   51.433  -7  53   16.468  1423.95
  41  14   54.449  -7  53   13.149  1480.62
S DOMINGOS          
  41  12   13.662  -7  36    7.266   872.98
  41  12   16.674  -7  36    3.897   929.41
BORNES              
  41  25   59.566  -7   0   28.597  1207.92
  41  26    2.594  -7   0   25.124  1264.26
SRA DA ASSUNÇÃO     
  41  23   26.981  -6  36   29.693  1006.44
  41  23   30.007  -6  36   26.150  1063.04
FONTE LONGA         
  41  14    2.244  -7  15   38.547   892.25
  41  14    5.258  -7  15   35.119   948.37
LAGOAÇA             
  41  12   35.439  -6  45   34.240   893.41
  41  12   38.451  -6  45   30.723   949.80
STO OVIDIO          
  41   6   25.501  -8  35   17.160   246.14
  41   6   28.510  -8  35   13.958   301.78
DUN AS DE OV AR     
  40  53   41.854  -8  39   55.237    29.67
  40  53   44.851  -8  39   52.050    85.50
S PEDRO VELHO       
  40  52   27.607  -8  16   53.934  1082.41
  40  52   30.601  -8  16   50.683  1138.56
MONTEMURO           
  40  58   23.199  -7  59   19.282  1388.83
  40  58   26.197  -7  59   15.981  1445.25
SIRIGO              
  40  57   51.725  -7  23   26.977   998.34
  40  57   54.719  -7  23   23.574  1054.53
LEOMIL              
  40  57   17.098  -7  39   25.631  1018.64
  40  57   20.093  -7  39   22.274  1074.99
ARCO                
  40  48   34.372  -7  50   27.810   903.09
  40  48   37.358  -7  50   24.487   959.33
CABRIA              
  40  49   46.214  -8   6   56.032  1075.25
  40  49   49.204  -8   6   52.754  1131.42
PISCO               
  40  46    9.875  -7  25   30.448   998.39
  40  46   12.856  -7  25   27.053  1054.48
MAR OF A            
  40  51   47.855  -6  59   33.699   983.19
  40  51   50.842  -6  59   30.222  1039.20
A VEIRO             
  40  38   31.227  -8  44   55.542    66.25
  40  38   34.209  -8  44   52.371   121.34
PRAIA DE MIRA       
  40  27   22.181  -8  48    8.728    28.82
  40  27   25.151  -8  48    5.569    83.68
CARAMULO            
  40  32   47.215  -8  12   10.627  1076.57
  40  32   50.185  -8  12    7.366  1132.27
SRA DO CASTELO      
  40  36   42.481  -7  44   39.811   659.02
  40  36   45.452  -7  44   36.475   714.90
CABEÇA ALTA         
  40  31   58.464  -7  25   34.196  1296.42
  40  32    1.426  -7  25   30.803  1352.64
JARMELO             
  40  35   25.354  -7   8    1.493   951.97
  40  35   28.319  -7   7   58.047  1008.17
VILAR FORMOSO       
  40  36   12.999  -6  51   24.654   826.74
  40  36   15.964  -6  51   21.156   882.98
GUINALDO            
  40  27   14.475  -6  52   45.230   887.14
  40  27   17.428  -6  52   41.740   943.29
BUÇACO              
  40  21   39.730  -8  21   20.096   561.27
  40  21   42.690  -8  21   16.866   616.59
BUARCOS             
  40  11   41.257  -8  51   17.718   223.04
  40  11   44.211  -8  51   14.573   277.22
CRUZ DE MOROUÇOS    
  40  10   47.157  -8  27    7.444   217.20
  40  10   50.105  -8  27    4.232   272.60
RABAÇAL             
  40   1   46.495  -8  30    4.793   536.50
  40   1   49.435  -8  30    1.594   591.59
LOUSA               
  40   5   19.919  -8  10   48.253  1214.19
  40   5   22.856  -8  10   44.997  1270.02
S PEDRO DE AÇOR     
  40  12   53.239  -7  49    8.212  1351.97
  40  12   56.181  -7  49    4.892  1408.02
S MIGUEL DE MIDO    
  40  23    6.071  -7  56   23.995   395.40
  40  23    9.028  -7  56   20.693   451.05
ESTRELA             
  40  19   15.878  -7  36   49.877  2000.73
  40  19   18.826  -7  36   46.520  2056.82
GARDUNHA            
  40   4   47.261  -7  31   33.384  1235.70
  40   4   50.192  -7  31   30.016  1291.38
S CORNEUO           
  40  21    2.087  -7  10   54.408  1015.11
  40  21    5.035  -7  10   50.975  1071.35
MEZAS               
  40  16   16.949  -6  51   40.329  1265.91
  40  16   19.889  -6  51   36.838  1321.77
MONSANTO            
  40   2    5.660  -7   6   55.726   768.37
  40   2    8.582  -7   6   52.286   824.08
PATAIAS             
  39  41   10.878  -9   0   12.263   150.12
  39  41   13.807  -9   0    9.160   204.52
MONTE REDONDO       
  39  53   28.570  -8  50   37.768    99.12
  39  53   31.508  -8  50   34.629   153.31
SICO                
  39  55   10.632  -8  32   27.014   562.23
  39  55   13.565  -8  32   23.825   616.89
MAUNÇA              
  39  40   16.350  -8  45   32.340   440.37
  39  40   19.272  -8  45   29.194   494.93
CABEÇO RAINHA       
  39  50   51.863  -7  55   35.493  1092.93
  39  50   54.781  -7  55   32.199  1148.73
MELRIÇA             
  39  41   37.300  -8   7   53.310   600.51
  39  41   40.213  -8   7   50.054   655.91
S MARTINHO          
  39  48    7.806  -7  27   52.539   444.87
  39  48   10.714  -7  27   49.164   500.23
CABEÇO ALTO         
  39  44    1.253  -7   2   27.383   411.71
  39  44    4.151  -7   2   23.936   466.66
BERLENGA            
  39  24   52.105  -9  30   36.618   120.70
  39  24   55.026  -9  30   33.622   174.36
PENICHE             
  39  21   35.171  -9  24   31.161    59.00
  39  21   38.085  -9  24   28.149   112.85
BOURO               
  39  27   10.984  -9  12    7.214   167.62
  39  27   13.902  -9  12    4.159   221.68
AIRE                
  39  32    6.033  -8  38   15.073   686.87
  39  32    8.944  -8  38   11.912   741.58
MEDROA              
  39  31   12.441  -8  17   37.970   283.46
  39  31   15.344  -8  17   34.748   338.19
CABEÇA GORDA        
  39  20    2.059  -8  45    4.699   171.92
  39  20    4.958  -8  45    1.563   226.51
FIGUEIRAS           
  39  20    7.302  -8  25    5.577   205.46
  39  20   10.193  -8  25    2.383   260.10
S MIGUEL DE NISA    
  39  34   28.397  -7  37   51.608   471.68
  39  34   31.292  -7  37   48.267   527.19
V ALE DE AGUA       
  39  21   58.511  -8   0   44.335   294.25
  39  22    1.397  -8   0   41.067   349.21
CORTESOES           
  39  22    7.170  -7  38    6.906   350.92
  39  22   10.050  -7  38    3.570   406.31
SANTIAGO            
  39  36   11.536  -7  13    2.160   629.20
  39  36   14.428  -7  12   58.747   684.42
S MAMEDE            
  39  18   45.774  -7  21   41.233  1035.01
  39  18   48.645  -7  21   37.850  1090.52
MONTEJUNTO          
  39  10   21.245  -9   2   58.058   673.69
  39  10   24.135  -9   2   54.983   728.03
ROMA                
  39   0   41.603  -9  19    2.641   223.46
  39   0   44.484  -9  18   59.622   277.77
ALMEIRIM            
  39   8   29.198  -8  35   15.096   177.68
  39   8   32.076  -8  35   11.939   232.02
MONTARGIL           
  39   4   35.566  -8  11   17.487   244.54
  39   4   38.432  -8  11   14.259   299.22
ALTER PEDROSO       
  39  11   18.014  -7  37   25.183   420.90
  39  11   20.880  -7  37   21.850   476.12
CAPELA              
  39   4    8.335  -7  28   31.775   390.10
  39   4   11.189  -7  28   28.418   445.40
ATALAIADA CONTENDA  
  39   1   49.150  -7   6   29.199   344.04
  39   1   51.994  -7   6   25.775   399.47
MONGE               
  38  46   24.702  -9  26   32.356   500.80
  38  46   27.565  -9  26   29.366   554.59
SERVES              
  38  53   36.511  -9   5   30.865   358.22
  38  53   39.379  -9   5   27.807   412.25
LISBOA.             
  38  42   46.453  -9   8    2.430   112.34
  38  42   49.306  -9   7   59.386   166.09
CASCALHO            
  38  52   46.159  -8  44   50.221    68.93
  38  52   49.020  -8  44   47.101   123.21
STORCATO            
  38  50   23.215  -8  31   11.738   145.27
  38  50   26.069  -8  31    8.579   199.68
GODEAL              
  38  48   36.282  -8  16   41.559   231.13
  38  48   39.128  -8  16   38.356   285.81
BOMBEL              
  38  41   16.643  -8  32   27.579   144.47
  38  41   19.484  -8  32   24.429   198.92
MILHANOS            
  38  44   13.941  -8  44   52.516    66.32
  38  44   16.791  -8  44   49.401   120.53
PAVIA               
  38  53   42.053  -8   0   41.193   210.93
  38  53   44.901  -8   0   37.939   266.00
CAIXEIRO            
  38  54   55.981  -7  39   18.021   463.01
  38  54   58.825  -7  39   14.701   518.30
ARRAIOLOS           
  38  43   29.697  -7  59   20.530   412.48
  38  43   32.531  -7  59   17.277   467.66
OSSA                
  38  44   19.355  -7  35    5.560   663.09
  38  44   22.182  -7  35    2.231   718.55
REGO                
  38  50   20.868  -7  15   35.006   484.07
  38  50   23.698  -7  15   31.614   539.48
P ALMELA            
  38  33   55.340  -8  54    4.063   274.31
  38  33   58.179  -8  54     .983   328.08
SESIMBRA            
  38  27    7.239  -9   6   27.454   255.08
  38  27   10.074  -9   6   24.413   308.33
SERRINHA            
  38  29   28.011  -8  31   26.463   194.96
  38  29   30.837  -8  31   23.317   249.36
MONFURADO           
  38  34    6.193  -8  11   27.168   433.20
  38  34    9.018  -8  11   23.958   488.17
CARRASCAIS          
  38  14   42.170  -8  14    8.431   114.70
  38  14   44.969  -8  14    5.242   169.46
ESPINHEIRA          
  38  26   50.993  -7  48    6.437   280.97
  38  26   53.799  -7  48    3.159   336.41
MENDRO              
  38  14   43.574  -7  47    5.187   420.12
  38  14   46.362  -7  47    1.913   475.50
S VICENTE           
  38  19   16.948  -8   0   21.821   389.15
  38  19   19.748  -8   0   18.586   444.32
MONSARAZ            
  38  26   29.743  -7  22   57.090   344.64
  38  26   32.540  -7  22   53.732   400.12
MENTIRAS            
  38  13   39.734  -7   9   17.073   293.16
  38  13   42.503  -7   9   13.676   348.80
AT ALAIA GRANDOLA   
  38  10    6.398  -8  38   47.295   333.61
  38  10    9.202  -8  38   44.185   387.69
BARROS              
  38   3    2.097  -8  26   11.456   126.37
  38   3    4.885  -8  26    8.313   180.73
ALJUSTREL           
  37  52   50.814  -8  10    6.537   256.13
  37  52   53.579  -8  10    3.352   310.75
AT ALAIA GORDA      
  38   5   36.235  -7  26   49.329   286.51
  38   5   39.002  -7  26   45.996   342.03
BEJA                
  38   0   59.584  -7  51   59.250   318.91
  38   1    2.354  -7  51   56.001   374.03
GUADALUPE           
  37  55   44.160  -7  35   39.860   288.89
  37  55   46.914  -7  35   36.561   344.17
FICALHO             
  37  57   49.086  -7  17    6.873   531.66
  37  57   51.836  -7  17    3.512   587.11
CERCAL              
  37  47   37.067  -8  43   10.735   349.67
  37  47   39.842  -8  43    7.656   403.79
BARRADINHA          
  37  51   54.848  -8  25   32.550    99.70
  37  51   57.620  -8  25   29.413   154.05
S TEOTONIO          
  37  30   23.471  -8  43    3.503   229.44
  37  30   26.223  -8  43     .441   282.99
VIGIA               
  37  36   51.218  -8  23   14.104   402.75
  37  36   53.968  -8  23   10.973   457.06
AGUA NEGRA          
  37  47   38.327  -7  27    5.208   261.11
  37  47   41.064  -7  27    1.887   316.32
ALCARIARUIVA        
  37  41   58.547  -7  45   45.006   379.48
  37  42    1.284  -7  45   41.750   434.55
URZA                
  37  37    3.624  -8   4   24.801   297.41
  37  37    6.364  -8   4   21.610   351.92
GRANADO             
  37  32   16.715  -7  27    6.512   321.71
  37  32   19.428  -7  27    3.201   376.40
ARRIFANA            
  37  16   57.998  -8  51   39.812   123.12
  37  17     .735  -8  51   36.789   176.08
FOIA                
  37  18   53.407  -8  35   50.303   911.76
  37  18   56.138  -8  35   47.228   965.38
POLDRA              
  37  13    6.628  -8  46   51.908   254.33
  37  13    9.356  -8  46   48.874   307.35
MÉ                  
  37  22   11.648  -8   4   52.419   586.04
  37  22   14.364  -8   4   49.241   640.33
QUINT A             
  37  28   55.926  -7  51    7.758   342.71
  37  28   58.644  -7  51    4.530   397.16
SOBRAL              
  37   8   15.388  -8  23   43.570   111.34
  37   8   18.094  -8  23   40.466   164.40
                           

