         1  42.13562  -8.70106   -0.0280   -0.0328     -0.86
         2  42.13471  -8.41300   -0.0183   -0.0314     -0.31
         3  41.92157  -8.71473   -0.0271   -0.0202      0.43
         4  41.88802  -8.87142   -0.0320   -0.0203      0.35
         5  41.96908  -8.30762   -0.0220   -0.0248      0.64
         6  41.88038  -7.72032   -0.0109   -0.0368      0.35
         7  41.91483  -7.00360    0.0142   -0.0353      0.18
         8  41.84860  -7.33322    0.0033   -0.0395     -0.02
         9  41.84944  -6.59109    0.0200   -0.0352      0.19
        10  41.76295  -8.80780   -0.0359   -0.0145      0.28
        11  41.72871  -8.45937   -0.0216   -0.0200     -0.04
        12  41.63897  -8.04329   -0.0104   -0.0199      0.24
        13  41.56221  -7.51709    0.0007   -0.0245      0.28
        14  41.71728  -6.85551    0.0175   -0.0290      0.09
        15  41.66298  -6.30702    0.0221   -0.0289      0.14
        16  41.53116  -6.56340    0.0244   -0.0265     -0.03
        17  41.43497  -8.71530   -0.0185   -0.0057      0.20
        18  41.32386  -8.38600   -0.0104   -0.0110     -0.38
        19  41.16750  -8.26340   -0.0081   -0.0071     -0.48
        20  41.24847  -7.88691   -0.0029   -0.0070     -0.11
        21  41.43405  -7.00698    0.0139   -0.0209      0.01
        22  41.23482  -7.25983    0.0048   -0.0185      0.10
        23  41.21068  -6.75854    0.0198   -0.0232     -0.13
        24  41.35772  -6.32150    0.0266   -0.0197     -1.30
        25  41.10792  -8.58721   -0.0107   -0.0013     -0.26
        26  40.87517  -8.28075   -0.0033   -0.0025     -0.01
        27  40.97405  -7.98782   -0.0002   -0.0006      0.34
        28  40.95564  -7.65617    0.0047   -0.0017      0.32
        29  40.77024  -7.42414    0.0070    0.0026      0.39
        30  40.86412  -6.99173    0.0154   -0.0087      0.10
        31  40.64283  -8.74784   -0.0079    0.0064     -0.37
        32  40.45969  -8.80187   -0.0006    0.0119     -0.21
        33  40.54727  -8.20205   -0.0016    0.0072      0.07
        34  40.61243  -7.74357    0.0126    0.0190     -0.24
        35  40.53378  -7.42522    0.0134    0.0030      0.38
        36  40.59123  -7.13279    0.0159    0.0003      0.26
        37  40.60444  -6.85588    0.0208    0.0018      0.07
        38  40.45484  -6.87826    0.0199    0.0055      0.09
        39  40.36186  -8.35468    0.0011    0.0126      0.20
        40  40.19557  -8.85400   -0.0008    0.0171     -0.41
        41  40.08964  -8.17913    0.0060    0.0095      0.12
        42  40.38584  -7.93908    0.0048    0.0107     -0.08
        43  40.21558  -7.81803    0.0122    0.0100      0.45
        44  40.32190  -7.61292    0.0117    0.0084      1.03
        45  40.08057  -7.52500    0.0093    0.0131      0.38
        46  40.35140  -7.18082    0.0124    0.0092      0.20
        47  40.27219  -6.86023    0.0173    0.0130     -0.09
        48  40.03577  -7.11441    0.0185    0.0155     -0.10
        49  39.68717  -9.00254    0.0159    0.0193     -0.24
        50  39.89207  -8.84292    0.0066    0.0126     -0.28
        51  39.92039  -8.53994    0.0091    0.0055     -0.43
        52  39.84859  -7.92561    0.0113    0.0123      0.23
        53  39.69414  -8.13015    0.0126    0.0198     -0.01
        54  39.80297  -7.46362    0.0100    0.0175      0.05
        55  39.73449  -7.03998    0.0184    0.0228     -0.16
        56  39.36060  -9.40779    0.0171    0.0274     -0.22
        57  39.45386  -9.20115    0.0139    0.0313     -0.42
        58  39.43742  -8.91859    0.0112    0.0213     -0.13
        59  39.53580  -8.63660    0.0119    0.0125      0.14
        60  39.52093  -8.29298    0.0110    0.0153     -0.10
        61  39.33471  -8.75043    0.0122    0.0145     -0.29
        62  39.33616  -8.41733    0.0120    0.0161     -0.24
        63  39.57531  -7.63005    0.0155    0.0226      0.14
        64  39.36705  -8.01141    0.0110    0.0190     -0.10
        65  39.60401  -7.21631    0.0113    0.0311      1.38
        66  39.31350  -7.36057    0.0128    0.0281      0.45
        67  39.17338  -9.04854    0.0144    0.0227     -0.07
        68  39.01234  -9.31658    0.0176    0.0159     -0.20
        69  39.14224  -8.58665    0.0121    0.0170     -0.22
        70  39.07731  -8.18733    0.0099    0.0186     -0.01
        71  39.18913  -7.62273    0.0085    0.0247     -0.04
        72  39.03111  -7.10716    0.0057    0.0327     -0.54
        73  38.77432  -9.44149    0.0169    0.0104     -0.03
        74  38.89424  -9.09102    0.0166    0.0145     -0.15
        75  38.71370  -9.13316    0.0144    0.0098     -0.41
        76  38.84057  -8.51905    0.0116    0.0172     -0.32
        77  38.68875  -8.54012    0.0136    0.0115     -0.24
        78  38.91634  -7.65408    0.0083    0.0234     -0.42
        79  38.72570  -7.98813    0.0091    0.0182      0.03
        80  38.73951  -7.58404    0.0045    0.0238      0.00
        81  38.83989  -7.25875    0.0053    0.0267     -0.16
        82  38.56616  -8.90027    0.0156    0.0100     -0.27
        83  38.45280  -9.10678    0.0162    0.0049     -0.33
        84  38.49190  -8.52310    0.0084    0.0071     -0.22
        85  38.56915  -8.18995    0.0066    0.0117      0.18
        86  38.24582  -8.23479    0.0056    0.0071     -0.04
        87  38.44828  -7.80087    0.0024    0.0161     -0.29
        88  38.24618  -7.78391    0.0005    0.0132     -0.04
        89  38.32214  -8.00515    0.0035    0.0111      0.06
        90  38.44237  -7.38159   -0.0016    0.0218     -0.37
        91  38.22847  -7.15384   -0.0063    0.0225     -0.29
        92  38.16926  -8.64557    0.0094    0.0021      0.03
        93  38.05136  -8.43560    0.0059   -0.0012     -0.11
        94  37.88158  -8.16754   -0.0019   -0.0021     -0.15
        95  38.09417  -7.44611   -0.0063    0.0190     -0.14
        96  38.01732  -7.86555   -0.0032    0.0081     -0.07
        97  37.92970  -7.59349   -0.0077    0.0168     -0.10
        98  37.96437  -7.28435   -0.0102    0.0212      0.67
        99  37.79439  -8.71875    0.0047   -0.0138     -0.11
       100  37.86601  -8.42487   -0.0005   -0.0049     -0.10
       101  37.50729  -8.71673   -0.0015   -0.0251      0.02
       102  37.61504  -8.38640   -0.0037   -0.0088     -0.05
       103  37.79474  -7.45052   -0.0127    0.0172     -0.17
       104  37.70038  -7.76163   -0.0137    0.0076     -0.06
       105  37.61840  -8.07268   -0.0115    0.0025     -0.17
       106  37.53873  -7.45089   -0.0224    0.0106     -0.91
       107  37.28354  -8.86016   -0.0004   -0.0345      0.17
       108  37.31556  -8.59639   -0.0059   -0.0246      0.61
       109  37.21926  -8.78024   -0.0037   -0.0359      0.06
       110  37.37074  -8.08036   -0.0137   -0.0033      0.35
       111  37.48296  -7.85131   -0.0165    0.0013      0.09
       112  37.33173  -7.40821   -0.0320    0.0072     -0.99
       113  37.24346  -7.73905   -0.0236   -0.0034     -0.24
       114  37.18656  -7.48736   -0.0310   -0.0047     -0.96
       115  37.08551  -8.95176   -0.0064   -0.0475      0.08
       116  37.08815  -8.71854   -0.0106   -0.0330     -0.09
       117  37.13836  -8.39457   -0.0147   -0.0210     -0.34
       118  37.10118  -7.93304   -0.0235   -0.0108     -0.41
       119  36.97460  -7.86518   -0.0227   -0.0098     -0.52
