         1  42.13562  -8.70106   -0.1304   -0.1005     -1.11
         2  42.13471  -8.41300   -0.1174   -0.1062     -0.59
         3  41.92157  -8.71473   -0.1246   -0.0832      0.20
         4  41.88802  -8.87142   -0.1305   -0.0788      0.15
         5  41.96908  -8.30762   -0.1161   -0.0989      0.36
         6  41.88038  -7.72032   -0.0963   -0.1236      0.03
         7  41.91483  -7.00360   -0.0640   -0.1404     -0.22
         8  41.84860  -7.33322   -0.0771   -0.1351     -0.37
         9  41.84944  -6.59109   -0.0519   -0.1490     -0.24
        10  41.76295  -8.80780   -0.1308   -0.0721      0.08
        11  41.72871  -8.45937   -0.1118   -0.0855     -0.27
        12  41.63897  -8.04329   -0.0938   -0.0939     -0.02
        13  41.56221  -7.51709   -0.0751   -0.1099     -0.02
        14  41.71728  -6.85551   -0.0543   -0.1336     -0.30
        15  41.66298  -6.30702   -0.0421   -0.1457     -0.30
        16  41.53116  -6.56340   -0.0398   -0.1345     -0.43
        17  41.43497  -8.71530   -0.1048   -0.0592      0.03
        18  41.32386  -8.38600   -0.0904   -0.0704     -0.57
        19  41.16750  -8.26340   -0.0831   -0.0665     -0.67
        20  41.24847  -7.88691   -0.0755   -0.0771     -0.34
        21  41.43405  -7.00698   -0.0531   -0.1162     -0.34
        22  41.23482  -7.25983   -0.0605   -0.1037     -0.19
        23  41.21068  -6.75854   -0.0392   -0.1200     -0.47
        24  41.35772  -6.32150   -0.0308   -0.1300     -1.70
        25  41.10792  -8.58721   -0.0879   -0.0516     -0.40
        26  40.87517  -8.28075   -0.0716   -0.0558     -0.16
        27  40.97405  -7.98782   -0.0675   -0.0629      0.14
        28  40.95564  -7.65617   -0.0585   -0.0717      0.09
        29  40.77024  -7.42414   -0.0493   -0.0694      0.16
        30  40.86412  -6.99173   -0.0382   -0.0929     -0.19
        31  40.64283  -8.74784   -0.0760   -0.0311     -0.46
        32  40.45969  -8.80187   -0.0649   -0.0208     -0.27
        33  40.54727  -8.20205   -0.0614   -0.0417     -0.06
        34  40.61243  -7.74357   -0.0436   -0.0422     -0.43
        35  40.53378  -7.42522   -0.0374   -0.0644      0.17
        36  40.59123  -7.13279   -0.0329   -0.0753      0.02
        37  40.60444  -6.85588   -0.0252   -0.0806     -0.20
        38  40.45484  -6.87826   -0.0229   -0.0735     -0.17
        39  40.36186  -8.35468   -0.0561   -0.0290      0.11
        40  40.19557  -8.85400   -0.0596   -0.0093     -0.44
        41  40.08964  -8.17913   -0.0429   -0.0313      0.02
        42  40.38584  -7.93908   -0.0483   -0.0415     -0.22
        43  40.21558  -7.81803   -0.0356   -0.0418      0.31
        44  40.32190  -7.61292   -0.0362   -0.0503      0.85
        45  40.08057  -7.52500   -0.0320   -0.0432      0.22
        46  40.35140  -7.18082   -0.0313   -0.0605     -0.02
        47  40.27219  -6.86023   -0.0210   -0.0628     -0.33
        48  40.03577  -7.11441   -0.0171   -0.0498     -0.29
        49  39.68717  -9.00254   -0.0326    0.0058     -0.22
        50  39.89207  -8.84292   -0.0450   -0.0085     -0.28
        51  39.92039  -8.53994   -0.0398   -0.0234     -0.47
        52  39.84859  -7.92561   -0.0291   -0.0300      0.13
        53  39.69414  -8.13015   -0.0265   -0.0147     -0.07
        54  39.80297  -7.46362   -0.0241   -0.0350     -0.08
        55  39.73449  -7.03998   -0.0094   -0.0385     -0.34
        56  39.36060  -9.40779   -0.0282    0.0297     -0.13
        57  39.45386  -9.20115   -0.0313    0.0270     -0.36
        58  39.43742  -8.91859   -0.0305    0.0104     -0.09
        59  39.53580  -8.63660   -0.0290   -0.0069      0.14
        60  39.52093  -8.29298   -0.0258   -0.0122     -0.13
        61  39.33471  -8.75043   -0.0252    0.0015     -0.26
        62  39.33616  -8.41733   -0.0218   -0.0050     -0.24
        63  39.57531  -7.63005   -0.0152   -0.0217      0.04
        64  39.36705  -8.01141   -0.0191   -0.0123     -0.14
        65  39.60401  -7.21631   -0.0155   -0.0235      1.24
        66  39.31350  -7.36057   -0.0088   -0.0177      0.34
        67  39.17338  -9.04854   -0.0225    0.0197      0.00
        68  39.01234  -9.31658   -0.0184    0.0222     -0.09
        69  39.14224  -8.58665   -0.0191    0.0035     -0.19
        70  39.07731  -8.18733   -0.0153   -0.0032     -0.01
        71  39.18913  -7.62273   -0.0131   -0.0126     -0.11
        72  39.03111  -7.10716   -0.0064   -0.0139     -0.66
        73  38.77432  -9.44149   -0.0149    0.0239      0.10
        74  38.89424  -9.09102   -0.0142    0.0175     -0.05
        75  38.71370  -9.13316   -0.0127    0.0171     -0.29
        76  38.84057  -8.51905   -0.0117    0.0075     -0.27
        77  38.68875  -8.54012   -0.0064    0.0050     -0.18
        78  38.91634  -7.65408   -0.0073   -0.0081     -0.46
        79  38.72570  -7.98813   -0.0056   -0.0020      0.03
        80  38.73951  -7.58404   -0.0061   -0.0062     -0.04
        81  38.83989  -7.25875   -0.0040   -0.0128     -0.24
        82  38.56616  -8.90027   -0.0054    0.0143     -0.17
        83  38.45280  -9.10678   -0.0045    0.0161     -0.20
        84  38.49190  -8.52310   -0.0068    0.0037     -0.15
        85  38.56915  -8.18995   -0.0067   -0.0010      0.22
        86  38.24582  -8.23479   -0.0007    0.0013      0.02
        87  38.44828  -7.80087   -0.0038   -0.0035     -0.29
        88  38.24618  -7.78391   -0.0008   -0.0032     -0.03
        89  38.32214  -8.00515   -0.0020   -0.0014      0.09
        90  38.44237  -7.38159   -0.0030   -0.0076     -0.41
        91  38.22847  -7.15384   -0.0002   -0.0084     -0.34
        92  38.16926  -8.64557    0.0005    0.0073      0.13
        93  38.05136  -8.43560    0.0020    0.0012     -0.01
        94  37.88158  -8.16754    0.0012   -0.0030     -0.07
        95  38.09417  -7.44611   -0.0002   -0.0027     -0.15
        96  38.01732  -7.86555    0.0000   -0.0024     -0.03
        97  37.92970  -7.59349    0.0006    0.0015     -0.08
        98  37.96437  -7.28435    0.0007   -0.0019      0.65
        99  37.79439  -8.71875    0.0038   -0.0004      0.02
       100  37.86601  -8.42487    0.0001    0.0005      0.00
       101  37.50729  -8.71673    0.0043   -0.0067      0.17
       102  37.61504  -8.38640    0.0032    0.0000      0.06
       103  37.79474  -7.45052    0.0003    0.0010     -0.16
       104  37.70038  -7.76163   -0.0019    0.0003     -0.01
       105  37.61840  -8.07268   -0.0012    0.0039     -0.09
       106  37.53873  -7.45089   -0.0034   -0.0011     -0.88
       107  37.28354  -8.86016    0.0091   -0.0090      0.35
       108  37.31556  -8.59639    0.0058   -0.0057      0.75
       109  37.21926  -8.78024    0.0082   -0.0112      0.23
       110  37.37074  -8.08036    0.0023    0.0025      0.45
       111  37.48296  -7.85131   -0.0006   -0.0001      0.16
       112  37.33173  -7.40821   -0.0077   -0.0019     -0.96
       113  37.24346  -7.73905   -0.0009   -0.0033     -0.17
       114  37.18656  -7.48736   -0.0041   -0.0095     -0.92
       115  37.08551  -8.95176    0.0068   -0.0165      0.28
       116  37.08815  -8.71854    0.0051   -0.0074      0.09
       117  37.13836  -8.39457    0.0033   -0.0039     -0.19
       118  37.10118  -7.93304    0.0005   -0.0038     -0.32
       119  36.97460  -7.86518    0.0050   -0.0022     -0.42