     Nome                     Latitude (º ´ ´´)  Longitude (º ´ ´´) h topo (m)
 1  GALIÑEIRO                   42    8   8.3604   -8   42   3.7145    765.40
 2  S. NOMÉDIO                  42    8   5.0704   -8   24  46.6968    750.79
 3  S. PAIO                     41   55  17.7696   -8   42  52.9368    701.58
 4  STA TECLA 2º                41   53  17.0155   -8   52  17.0222    398.88
 5  PENEDA-PSW                  41   58   8.7951   -8   18  27.3341   1430.75
 6  LAROUCO-TF25                41   52  49.4623   -7   43  13.0124   1584.69
 7  COROA                       41   54  53.4350   -7    0  12.8336   1338.99
 8  MAIROS                      41   50  55.0291   -7   19  59.4529   1148.78
 9  DEILÃO-PS                   41   50  58.0189   -6   35  27.7910   1016.74
 10 STA LUZIA                   41   45  46.7648   -8   48  27.9989    613.10
 11 OURAL-PS                    41   43  43.4558   -8   27  33.6595    778.32
 12 CABREIRA                    41   38  20.3748   -8    2  35.7361   1327.52
 13 PADRELA                     41   33  44.0441   -7   31   1.4281   1213.22
 14 NOGUEIRA-TF23               41   43   2.2703   -6   51  19.6874   1377.74
 15 LUZ                         41   39  46.7821   -6   18  25.1173    975.33
 16 CAMPO DE VÍBORAS            41   31  52.1988   -6   33  48.1025    810.48
 17 S. FÉLIX-PW                 41   26   5.9798   -8   42  55.0028    257.83
 18 CITÂNIA                     41   19  25.9964   -8   23   9.5176    632.75
 19 LUZIM-PSW                   41   10   3.0711   -8   15  48.1905    613.08
 20 MARÃO-TF15                  41   14  54.5675   -7   53  12.8139   1474.02
 21 BORNES                      41   26   2.6451   -7    0  25.0028   1264.11
 22 FONTE LONGA-TF16            41   14   5.4005   -7   15  35.2943    941.52
 23 LAGOAÇA                     41   12  38.4902   -6   45  30.6070    949.64
 24 S. ROQUE                    41   21  27.8318   -6   19  17.2810    850.01
 25 STO OVÍDIO                  41    6  28.5929   -8   35  13.9094    301.60
 26 S. PEDRO VELHO              40   52  30.6666   -8   16  50.6302   1138.42
 27 MONTEMURO-TF13              40   58  26.6395   -7   59  16.0981   1438.46
 28 LEOMIL-TF14                 40   57  20.3525   -7   39  22.1313   1068.32
 29 PISCO-TF20                  40   46  12.9013   -7   25  26.8376   1045.89
 30 MAROFA                      40   51  50.8762   -6   59  30.1311   1039.07
 31 AVEIRO-EXC                  40   38  34.2550   -8   44  52.2039    113.05
 32 PRAIA DE MIRA               40   27  34.9429   -8   48   6.7192     74.19
 33 CARAMULO                    40   32  50.2394   -8   12   7.3223   1132.16
 34 SRA DO CASTELO-E            40   36  44.7876   -7   44  36.8128    684.71
 35 CABEÇA ALTA-TF9             40   32   1.6304   -7   25  30.7146   1344.38
 36 JARMELO-TF21                40   35  28.4609   -7    7  57.9587   1000.20
 37 VILAR FORMOSO               40   36  15.9912   -6   51  21.0724    882.85
 38 GUINALDO                    40   27  17.4519   -6   52  41.6595    943.36
 39 BUÇACO                      40   21  42.7401   -8   21  16.8320    616.46
 40 BUARCOS-TF11                40   11  44.1246   -8   51  14.4077    268.63
 41 LOUSÃ-TF17                  40    5  22.7609   -8   10  44.8487   1261.71
 42 S. MIGUEL DE MID            40   23   9.0723   -7   56  20.6455    450.93
 43 S. PEDRO DE AÇOR            40   12  56.1226   -7   49   4.8522   1399.10
 44 ESTRELA                     40   19  18.8632   -7   36  46.4637   2056.72
 45 GARDUNHA-PS                 40    4  50.0960   -7   31  29.9648   1283.07
 46 S. CORNÉLIO                 40   21   5.0633   -7   10  50.9055   1071.20
 47 MEZAS                       40   16  19.9070   -6   51  36.7642   1318.47
 48 MONSANTO-TF8                40    2   8.7851   -7    6  51.8082    818.60
 49 PATAIAS                     39   41  13.8366   -9    0   9.1608    203.86
 50 MONTE REDONDO-PS            39   53  31.5100   -8   50  34.4945    144.94
 51 SICÓ-PSW                    39   55  13.4338   -8   32  23.7426    608.79
 52 CABEÇO RAINHA-TF            39   50  54.9411   -7   55  32.1700   1140.53
 53 MELRIÇA -TF4                39   41  38.9305   -8    7  48.5123    650.50
 54 S. MARTINHO-PE              39   48  10.7001   -7   27  49.0010    491.68
 55 CABEÇO ALTO                 39   44   4.1634   -7    2  23.8805    466.58
 56 PENICHE-PNE                 39   21  38.1892   -9   24  28.0747    107.83
 57 BOURO                       39   27  13.9253   -9   12   4.1610    221.43
 58 CANDEEIROS                  39   26  14.7305   -8   55   6.9254    551.20
 59 AIRE-TF6                    39   32   8.8970   -8   38  11.7481    733.52
 60 MEDROA                      39   31  15.3658   -8   17  34.7308    338.27
 61 CABEÇA GORDA                39   20   4.9782   -8   45   1.5605    226.26
 62 FIGUEIRAS                   39   20  10.2118   -8   25   2.3710    259.83
 63 S. MIGUEL DE NIS            39   34  31.1172   -7   37  48.1703    518.46
 64 VALE DE ÁGUA                39   22   1.4131   -8    0  41.0457    348.99
 65 SANTIAGO                    39   36  14.4395   -7   12  58.7005    678.87
 66 S. MAMEDE-TF3               39   18  48.6218   -7   21  38.0213   1082.56
 67 MONTEJUNTO-TF7              39   10  24.1775   -9    2  54.7767    720.90
 68 ROMÃ-PSW                    39    0  44.4324   -9   18  59.7142    270.85
 69 ALMEIRIM                    39    8  32.0931   -8   35  11.9325    231.77
 70 MONTARGIL-TF2               39    4  38.3143   -8   11  14.3898    291.14
 71 ALTER PEDROSO               39   11  20.8881   -7   37  21.8234    475.93
 72 ATALAIA DA CONTE            39    1  51.9954   -7    6  25.7441    399.28
 73 MONGE                       38   46  27.5829   -9   26  29.3799    554.40
 74 SERVES-TF1                  38   53  39.2652   -9    5  27.6845    405.58
 75 LISBOA                      38   42  49.3197   -9    7  59.3941    166.00
 76 S. TORCATO                  38   50  26.0787   -8   31   8.5745    199.47
 77 BOMBEL                      38   41  19.4924   -8   32  24.4250    198.72
 78 CAIXEIRO                    38   54  58.8293   -7   39  14.6809    518.11
 79 ARRAIOLOS                   38   43  32.5356   -7   59  17.2650    467.47
 80 OSSA-TF29                   38   44  22.2551   -7   35   2.5258    708.54
 81 REGO-PSE                    38   50  23.5960   -7   15  31.4732    530.92
 82 PALMELA                     38   33  58.1864   -8   54    .9873    327.91
 83 SESIMBRA                    38   27  10.0795   -9    6  24.4231    308.18
 84 SERRINHA-PE                 38   29  30.8408   -8   31  23.1677    240.78
 85 MONFURADO-TF28              38   34   8.9347   -8   11  23.8030    480.26
 86 CARRASCAIS                  38   14  44.9687   -8   14   5.2343    169.31
 87 ESPINHEIRA                  38   26  53.7998   -7   48   3.1455    336.24
 88 MENDRO-TF31                 38   14  46.2348   -7   47   2.0888    467.77
 89 S. VICENTE-PSE              38   19  19.6960   -8    0  18.5456    436.84
 90 MONSARAZ                    38   26  32.5380   -7   22  53.7154    399.95
 91 MENTIRAS-PE                 38   13  42.5092   -7    9  13.8266    340.44
 92 ATALAIA DE GRÂND            38   10   9.3265   -8   38  44.0453    380.61
 93 BARROS-PE                   38    3   4.8950   -8   26   8.1652    172.18
 94 ALJUSTREL-TF33              37   52  53.6798   -8   10   3.1330    302.21
 95 ATALAIA GORDA               38    5  38.9992   -7   26  45.9823    341.88
 96 BEJA                        38    1   2.3520   -7   51  55.9896    369.99
 97 GUADALUPE                   37   55  46.9114   -7   35  36.5495    344.03
 98 FICALHO-PSW                 37   57  51.7243   -7   17   3.6681    578.97
 99 CERCAL-TF32                 37   47  39.8102   -8   43   7.4856    395.06
100 BARRADINHA-PW               37   51  57.6189   -8   25  29.5445    145.66
101 S. TEOTÓNIO-PE              37   30  26.2217   -8   43    .2133    274.73
102 VIGIA-TF34                  37   36  54.1388   -8   23  11.0320    449.00
103 ÁGUA NEGRA                  37   47  41.0617   -7   27   1.8760    316.17
104 ALCARIA RUIVA-TF            37   42   1.3759   -7   45  41.8663    427.12
105 URZA-PS                     37   37   6.2312   -8    4  21.6589    343.66
106 GRANADO                     37   32  19.4254   -7   27   3.1899    376.38
107 ARRIFANA-PE                 37   17    .7169   -8   51  36.5770    167.71
108 FOIA-TF36                   37   18  56.0112   -8   35  47.0013    956.03
109 POLDRA                      37   13   9.3418   -8   46  48.8598    307.29
110 MÚ-TF37                     37   22  14.6487   -8    4  49.2885    631.87
111 QUINTÃ-PW                   37   28  58.6606   -7   51   4.6979    388.71
112 MONTE GORDO                 37   19  54.2497   -7   24  29.5691    215.13
113 ALCARIA DO CUME-            37   14  36.4649   -7   44  20.5847    579.99
114 CABEÇA                      37   11  11.6311   -7   29  14.4735    112.07
115 TORRE DE ASPA-PE            37    5   7.8342   -8   57   6.3355    209.70
116 ATALAIA-PN                  37    5  17.3429   -8   43   6.7366    162.23
117 SOBRAL                      37    8  18.0847   -8   23  40.4491    164.34
118 GUILHIM-TF40                37    6   4.2385   -7   55  58.9532    367.25
119 STA MARIA-EXC               36   58  28.5470   -7   51  54.6348     58.31
