     Nome                     Latitude (º ´ ´´)  Longitude (º ´ ´´) h topo (m)
 1  GALIÑEIRO                   42    8   8.2627   -8   42   3.7879    765.81
 2  S. NOMÉDIO                  42    8   4.9762   -8   24  46.7767    751.10
 3  S. PAIO                     41   55  17.6764   -8   42  53.0053    701.97
 4  STA TECLA 2º                41   53  16.9212   -8   52  17.0865    399.32
 5  PENEDA-PSW                  41   58   8.7056   -8   18  27.4128   1431.01
 6  LAROUCO-TF25                41   52  49.3817   -7   43  13.1025   1584.76
 7  COROA                       41   54  53.3623   -7    0  12.9405   1338.83
 8  MAIROS                      41   50  54.9538   -7   19  59.5510   1148.72
 9  DEILÃO-PS                   41   50  57.9526   -6   35  27.9056   1016.44
 10 STA LUZIA                   41   45  46.6739   -8   48  28.0620    613.51
 11 OURAL-PS                    41   43  43.3697   -8   27  33.7297    778.61
 12 CABREIRA                    41   38  20.2955   -8    2  35.8138   1327.67
 13 PADRELA                     41   33  43.9727   -7   31   1.5160   1213.20
 14 NOGUEIRA-TF23               41   43   2.2036   -6   51  19.7932   1377.51
 15 LUZ                         41   39  46.7233   -6   18  25.2340    974.92
 16 CAMPO DE VÍBORAS            41   31  52.1395   -6   33  48.2109    810.14
 17 S. FÉLIX-PW                 41   26   5.8970   -8   42  55.0613    258.18
 18 CITÂNIA                     41   19  25.9198   -8   23   9.5811    632.98
 19 LUZIM-PSW                   41   10   2.9993   -8   15  48.2536    613.26
 20 MARÃO-TF15                  41   14  54.4984   -7   53  12.8869   1474.08
 21 BORNES                      41   26   2.5825   -7    0  25.0993   1263.90
 22 FONTE LONGA-TF16            41   14   5.3391   -7   15  35.3811    941.38
 23 LAGOAÇA                     41   12  38.4353   -6   45  30.7043    949.33
 24 S. ROQUE                    41   21  27.7791   -6   19  17.3908    849.57
 25 STO OVÍDIO                  41    6  28.5186   -8   35  13.9641    301.88
 26 S. PEDRO VELHO              40   52  30.6008   -8   16  50.6869   1138.58
 27 MONTEMURO-TF13              40   58  26.5750   -7   59  16.1633   1438.52
 28 LEOMIL-TF14                 40   57  20.2923   -7   39  22.2035   1068.27
 29 PISCO-TF20                  40   46  12.8477   -7   25  26.9111   1045.75
 30 MAROFA                      40   51  50.8258   -6   59  30.2159   1038.80
 31 AVEIRO-EXC                  40   38  34.1888   -8   44  52.2457    113.34
 32 PRAIA DE MIRA               40   27  34.8800   -8   48   6.7562     74.48
 33 CARAMULO                    40   32  50.1814   -8   12   7.3742   1132.25
 34 SRA DO CASTELO-E            40   36  44.7336   -7   44  36.8761    684.66
 35 CABEÇA ALTA-TF9             40   32   1.5818   -7   25  30.7832   1344.22
 36 JARMELO-TF21                40   35  28.4146   -7    7  58.0349    999.95
 37 VILAR FORMOSO               40   36  15.9479   -6   51  21.1548    882.51
 38 GUINALDO                    40   27  17.4114   -6   52  41.7384    943.01
 39 BUÇACO                      40   21  42.6843   -8   21  16.8768    616.59
 40 BUARCOS-TF11                40   11  44.0667   -8   51  14.4383    268.90
 41 LOUSÃ-TF17                  40    5  22.7129   -8   10  44.8920   1261.74
 42 S. MIGUEL DE MID            40   23   9.0209   -7   56  20.7001    450.93
 43 S. PEDRO DE AÇOR            40   12  56.0761   -7   49   4.9059   1399.03
 44 ESTRELA                     40   19  18.8168   -7   36  46.5238   2056.59
 45 GARDUNHA-PS                 40    4  50.0558   -7   31  30.0222   1282.89
 46 S. CORNÉLIO                 40   21   5.0214   -7   10  50.9757   1070.94
 47 MEZAS                       40   16  19.8706   -6   51  36.8398   1318.09
 48 MONSANTO-TF8                40    2   8.7507   -7    6  51.8736    818.28
 49 PATAIAS                     39   41  13.7878   -9    0   9.1785    204.12
 50 MONTE REDONDO-PS            39   53  31.4587   -8   50  34.5196    145.18
 51 SICÓ-PSW                    39   55  13.3853   -8   32  23.7748    608.93
 52 CABEÇO RAINHA-TF            39   50  54.9011   -7   55  32.2142   1140.46
 53 MELRIÇA -TF4                39   41  38.8914   -8    7  48.5491    650.48
 54 S. MARTINHO-PE              39   48  10.6665   -7   27  49.0544    491.45
 55 CABEÇO ALTO                 39   44   4.1361   -7    2  23.9416    466.20
 56 PENICHE-PNE                 39   21  38.1428   -9   24  28.0773    108.19
 57 BOURO                       39   27  13.8793   -9   12   4.1699    221.74
 58 CANDEEIROS                  39   26  14.6880   -8   55   6.9402    551.41
 59 AIRE-TF6                    39   32   8.8556   -8   38  11.7708    733.65
 60 MEDROA                      39   31  15.3285   -8   17  34.7608    338.29
 61 CABEÇA GORDA                39   20   4.9398   -8   45   1.5770    226.41
 62 FIGUEIRAS                   39   20  10.1771   -8   25   2.3948    259.86
 63 S. MIGUEL DE NIS            39   34  31.0865   -7   37  48.2156    518.26
 64 VALE DE ÁGUA                39   22   1.3824   -8    0  41.0788    348.90
 65 SANTIAGO                    39   36  14.4129   -7   12  58.7552    678.54
 66 S. MAMEDE-TF3               39   18  48.5996   -7   21  38.0673   1082.23
 67 MONTEJUNTO-TF7              39   10  24.1392   -9    2  54.7837    721.12
 68 ROMÃ-PSW                    39    0  44.3945   -9   18  59.7125    271.14
 69 ALMEIRIM                    39    8  32.0606   -8   35  11.9490    231.84
 70 MONTARGIL-TF2               39    4  38.2877   -8   11  14.4137    291.07
 71 ALTER PEDROSO               39   11  20.8655   -7   37  21.8615    475.68
 72 ATALAIA DA CONTE            39    1  51.9821   -7    6  25.7902    398.83
 73 MONGE                       38   46  27.5487   -9   26  29.3711    554.70
 74 SERVES-TF1                  38   53  39.2324   -9    5  27.6855    405.79
 75 LISBOA                      38   42  49.2902   -9    7  59.3909    166.20
 76 S. TORCATO                  38   50  26.0534   -8   31   8.5869    199.48
 77 BOMBEL                      38   41  19.4701   -8   32  24.4342    198.71
 78 CAIXEIRO                    38   54  58.8121   -7   39  14.7132    517.84
 79 ARRAIOLOS                   38   43  32.5187   -7   59  17.2867    467.29
 80 OSSA-TF29                   38   44  22.2424   -7   35   2.5562    708.23
 81 REGO-PSE                    38   50  23.5850   -7   15  31.5125    530.51
 82 PALMELA                     38   33  58.1627   -8   54    .9865    328.01
 83 SESIMBRA                    38   27  10.0558   -9    6  24.4159    308.33
 84 SERRINHA-PE                 38   29  30.8228   -8   31  23.1737    240.75
 85 MONFURADO-TF28              38   34   8.9188   -8   11  23.8175    480.13
 86 CARRASCAIS                  38   14  44.9591   -8   14   5.2420    169.15
 87 ESPINHEIRA                  38   26  53.7908   -7   48   3.1661    335.96
 88 MENDRO-TF31                 38   14  46.2303   -7   47   2.1061    467.45
 89 S. VICENTE-PSE              38   19  19.6873   -8    0  18.5595    436.61
 90 MONSARAZ                    38   26  32.5338   -7   22  53.7447    399.53
 91 MENTIRAS-PE                 38   13  42.5121   -7    9  13.8568    339.91
 92 ATALAIA DE GRÂND            38   10   9.3140   -8   38  44.0429    380.57
 93 BARROS-PE                   38    3   4.8873   -8   26   8.1652    172.06
 94 ALJUSTREL-TF33              37   52  53.6786   -8   10   3.1356    301.98
 95 ATALAIA GORDA               38    5  39.0017   -7   26  46.0039    341.43
 96 BEJA                        38    1   2.3513   -7   51  56.0010    369.68
 97 GUADALUPE                   37   55  46.9157   -7   35  36.5650    343.61
 98 FICALHO-PSW                 37   57  51.7313   -7   17   3.6907    578.45
 99 CERCAL-TF32                 37   47  39.8048   -8   43   7.4751    395.00
100 BARRADINHA-PW               37   51  57.6152   -8   25  29.5414    145.51
101 S. TEOTÓNIO-PE              37   30  26.2224   -8   43    .1978    274.63
102 VIGIA-TF34                  37   36  54.1408   -8   23  11.0253    448.80
103 ÁGUA NEGRA                  37   47  41.0704   -7   27   1.8921    315.68
104 ALCARIA RUIVA-TF            37   42   1.3831   -7   45  41.8742    426.73
105 URZA-PS                     37   37   6.2366   -8    4  21.6589    343.36
106 GRANADO                     37   32  19.4394   -7   27   3.2014    375.86
107 ARRIFANA-PE                 37   17    .7207   -8   51  36.5547    167.63
108 FOIA-TF36                   37   18  56.0172   -8   35  46.9849    955.86
109 POLDRA                      37   13   9.3478   -8   46  48.8381    307.17
110 MÚ-TF37                     37   22  14.6592   -8    4  49.2840    631.54
111 QUINTÃ-PW                   37   28  58.6713   -7   51   4.7001    388.32
112 MONTE GORDO                 37   19  54.2685   -7   24  29.5779    214.57
113 ALCARIA DO CUME-            37   14  36.4818   -7   44  20.5850    579.52
114 CABEÇA                      37   11  11.6521   -7   29  14.4782    111.51
115 TORRE DE ASPA-PE            37    5   7.8412   -8   57   6.3079    209.62
116 ATALAIA-PN                  37    5  17.3524   -8   43   6.7139    162.08
117 SOBRAL                      37    8  18.0967   -8   23  40.4341    164.09
118 GUILHIM-TF40                37    6   4.2563   -7   55  58.9472    366.82
119 STA MARIA-EXC               36   58  28.5682   -7   51  54.6281     57.85
