     Nome                     Latitude (º ´ ´´)  Longitude (º ´ ´´) h topo (m)
 1  GALIÑEIRO                   42    8   8.2618   -8   42   3.7916    765.25
 2  S. NOMÉDIO                  42    8   4.9757   -8   24  46.7806    750.61
 3  S. PAIO                     41   55  17.6756   -8   42  53.0084    701.44
 4  STA TECLA 2º                41   53  16.9201   -8   52  17.0893    398.76
 5  PENEDA-PSW                  41   58   8.7055   -8   18  27.4165   1430.56
 6  LAROUCO-TF25                41   52  49.3826   -7   43  13.1065   1584.45
 7  COROA                       41   54  53.3642   -7    0  12.9452   1338.68
 8  MAIROS                      41   50  54.9553   -7   19  59.5552   1148.51
 9  DEILÃO-PS                   41   50  57.9552   -6   35  27.9106   1016.39
 10 STA LUZIA                   41   45  46.6730   -8   48  28.0645    612.98
 11 OURAL-PS                    41   43  43.3695   -8   27  33.7325    778.17
 12 CABREIRA                    41   38  20.2961   -8    2  35.8167   1327.33
 13 PADRELA                     41   33  43.9742   -7   31   1.5192   1212.99
 14 NOGUEIRA-TF23               41   43   2.2060   -6   51  19.7976   1377.43
 15 LUZ                         41   39  46.7265   -6   18  25.2388    974.96
 16 CAMPO DE VÍBORAS            41   31  52.1425   -6   33  48.2149    810.14
 17 S. FÉLIX-PW                 41   26   5.8965   -8   42  55.0629    257.72
 18 CITÂNIA                     41   19  25.9200   -8   23   9.5827    632.61
 19 LUZIM-PSW                   41   10   2.9999   -8   15  48.2549    612.94
 20 MARÃO-TF15                  41   14  54.4996   -7   53  12.8889   1473.84
 21 BORNES                      41   26   2.5849   -7    0  25.1027   1263.82
 22 FONTE LONGA-TF16            41   14   5.3413   -7   15  35.3836    941.27
 23 LAGOAÇA                     41   12  38.4384   -6   45  30.7072    949.34
 24 S. ROQUE                    41   21  27.7827   -6   19  17.3947    849.66
 25 STO OVÍDIO                  41    6  28.5187   -8   35  13.9649    301.50
 26 S. PEDRO VELHO              40   52  30.6017   -8   16  50.6873   1138.29
 27 MONTEMURO-TF13              40   58  26.5763   -7   59  16.1643   1438.29
 28 LEOMIL-TF14                 40   57  20.2942   -7   39  22.2048   1068.12
 29 PISCO-TF20                  40   46  12.8502   -7   25  26.9121   1045.68
 30 MAROFA                      40   51  50.8289   -6   59  30.2177   1038.81
 31 AVEIRO-EXC                  40   38  34.1890   -8   44  52.2449    112.98
 32 PRAIA DE MIRA               40   27  34.8803   -8   48   6.7548     74.13
 33 CARAMULO                    40   32  50.1828   -8   12   7.3737   1132.03
 34 SRA DO CASTELO-E            40   36  44.7357   -7   44  36.8762    684.54
 35 CABEÇA ALTA-TF9             40   32   1.5846   -7   25  30.7835   1344.18
 36 JARMELO-TF21                40   35  28.4178   -7    7  58.0357    999.97
 37 VILAR FORMOSO               40   36  15.9515   -6   51  21.1559    882.59
 38 GUINALDO                    40   27  17.4152   -6   52  41.7391    943.10
 39 BUÇACO                      40   21  42.6856   -8   21  16.8756    616.36
 40 BUARCOS-TF11                40   11  44.0672   -8   51  14.4360    268.59
 41 LOUSÃ-TF17                  40    5  22.7147   -8   10  44.8902   1261.60
 42 S. MIGUEL DE MID            40   23   9.0228   -7   56  20.6993    450.79
 43 S. PEDRO DE AÇOR            40   12  56.0785   -7   49   4.9048   1398.95
 44 ESTRELA                     40   19  18.8195   -7   36  46.5233   2056.53
 45 GARDUNHA-PS                 40    4  50.0589   -7   31  30.0210   1282.89
 46 S. CORNÉLIO                 40   21   5.0248   -7   10  50.9757   1070.98
 47 MEZAS                       40   16  19.8746   -6   51  36.8399   1318.22
 48 MONSANTO-TF8                40    2   8.7545   -7    6  51.8728    818.38
 49 PATAIAS                     39   41  13.7885   -9    0   9.1744    203.84
 50 MONTE REDONDO-PS            39   53  31.4595   -8   50  34.5163    144.91
 51 SICÓ-PSW                    39   55  13.3866   -8   32  23.7720    608.72
 52 CABEÇO RAINHA-TF            39   50  54.9037   -7   55  32.2118   1140.40
 53 MELRIÇA -TF4                39   41  38.8938   -8    7  48.5460    650.40
 54 S. MARTINHO-PE              39   48  10.6700   -7   27  49.0523    491.51
 55 CABEÇO ALTO                 39   44   4.1405   -7    2  23.9399    466.36
 56 PENICHE-PNE                 39   21  38.1431   -9   24  28.0718    107.86
 57 BOURO                       39   27  13.8798   -9   12   4.1649    221.44
 58 CANDEEIROS                  39   26  14.6891   -8   55   6.9354    551.18
 59 AIRE-TF6                    39   32   8.8571   -8   38  11.7667    733.47
 60 MEDROA                      39   31  15.3308   -8   17  34.7570    338.19
 61 CABEÇA GORDA                39   20   4.9413   -8   45   1.5721    226.23
 62 FIGUEIRAS                   39   20  10.1793   -8   25   2.3902    259.77
 63 S. MIGUEL DE NIS            39   34  31.0899   -7   37  48.2127    518.32
 64 VALE DE ÁGUA                39   22   1.3853   -8    0  41.0748    348.89
 65 SANTIAGO                    39   36  14.4171   -7   12  58.7529    678.68
 66 S. MAMEDE-TF3               39   18  48.6039   -7   21  38.0639   1082.38
 67 MONTEJUNTO-TF7              39   10  24.1403   -9    2  54.7780    720.90
 68 ROMÃ-PSW                    39    0  44.3953   -9   18  59.7059    270.88
 69 ALMEIRIM                    39    8  32.0626   -8   35  11.9436    231.73
 70 MONTARGIL-TF2               39    4  38.2906   -8   11  14.4086    291.06
 71 ALTER PEDROSO               39   11  20.8695   -7   37  21.8573    475.79
 72 ATALAIA DA CONTE            39    1  51.9872   -7    6  25.7862    399.08
 73 MONGE                       38   46  27.5494   -9   26  29.3637    554.44
 74 SERVES-TF1                  38   53  39.2337   -9    5  27.6788    405.59
 75 LISBOA                      38   42  49.2916   -9    7  59.3836    166.02
 76 S. TORCATO                  38   50  26.0559   -8   31   8.5806    199.43
 77 BOMBEL                      38   41  19.4728   -8   32  24.4274    198.68
 78 CAIXEIRO                    38   54  58.8163   -7   39  14.7081    517.98
 79 ARRAIOLOS                   38   43  32.5225   -7   59  17.2806    467.38
 80 OSSA-TF29                   38   44  22.2470   -7   35   2.5507    708.41
 81 REGO-PSE                    38   50  23.5900   -7   15  31.5077    530.75
 82 PALMELA                     38   33  58.1647   -8   54    .9789    327.91
 83 SESIMBRA                    38   27  10.0576   -9    6  24.4077    308.20
 84 SERRINHA-PE                 38   29  30.8257   -8   31  23.1663    240.74
 85 MONFURADO-TF28              38   34   8.9223   -8   11  23.8107    480.19
 86 CARRASCAIS                  38   14  44.9629   -8   14   5.2341    169.25
 87 ESPINHEIRA                  38   26  53.7953   -7   48   3.1593    336.13
 88 MENDRO-TF31                 38   14  46.2350   -7   47   2.0987    467.66
 89 S. VICENTE-PSE              38   19  19.6915   -8    0  18.5521    436.75
 90 MONSARAZ                    38   26  32.5392   -7   22  53.7384    399.80
 91 MENTIRAS-PE                 38   13  42.5182   -7    9  13.8501    340.26
 92 ATALAIA DE GRÂND            38   10   9.3171   -8   38  44.0342    380.59
 93 BARROS-PE                   38    3   4.8909   -8   26   8.1563    172.14
 94 ALJUSTREL-TF33              37   52  53.6830   -8   10   3.1265    302.14
 95 ATALAIA GORDA               38    5  39.0073   -7   26  45.9964    341.73
 96 BEJA                        38    1   2.3562   -7   51  55.9927    369.90
 97 GUADALUPE                   37   55  46.9212   -7   35  36.5568    343.91
 98 FICALHO-PSW                 37   57  51.7375   -7   17   3.6830    578.81
 99 CERCAL-TF32                 37   47  39.8081   -8   43   7.4651    395.05
100 BARRADINHA-PW               37   51  57.6191   -8   25  29.5320    145.62
101 S. TEOTÓNIO-PE              37   30  26.2260   -8   43    .1868    274.72
102 VIGIA-TF34                  37   36  54.1450   -8   23  11.0151    448.95
103 ÁGUA NEGRA                  37   47  41.0764   -7   27   1.8836    316.03
104 ALCARIA RUIVA-TF            37   42   1.3886   -7   45  41.8650    427.01
105 URZA-PS                     37   37   6.2415   -8    4  21.6490    343.59
106 GRANADO                     37   32  19.4458   -7   27   3.1921    376.24
107 ARRIFANA-PE                 37   17    .7243   -8   51  36.5428    167.71
108 FOIA-TF36                   37   18  56.0214   -8   35  46.9735    956.00
109 POLDRA                      37   13   9.3517   -8   46  48.8260    307.29
110 MÚ-TF37                     37   22  14.6645   -8    4  49.2733    631.79
111 QUINTÃ-PW                   37   28  58.6769   -7   51   4.6901    388.61
112 MONTE GORDO                 37   19  54.2753   -7   24  29.5679    214.99
113 ALCARIA DO CUME-            37   14  36.4880   -7   44  20.5743    579.88
114 CABEÇA                      37   11  11.6589   -7   29  14.4675    111.93
115 TORRE DE ASPA-PE            37    5   7.8449   -8   57   6.2951    209.71
116 ATALAIA-PN                  37    5  17.3566   -8   43   6.7014    162.22
117 SOBRAL                      37    8  18.1015   -8   23  40.4222    164.30
118 GUILHIM-TF40                37    6   4.2622   -7   55  58.9357    367.15
119 STA MARIA-EXC               36   58  28.5744   -7   51  54.6162     58.22
