         1  42.13562  -8.70106   -0.0318   -0.0234     -0.96
         2  42.13471  -8.41300   -0.0227   -0.0224     -0.41
         3  41.92157  -8.71473   -0.0306   -0.0116      0.34
         4  41.88802  -8.87142   -0.0351   -0.0117      0.27
         5  41.96908  -8.30762   -0.0265   -0.0165      0.55
         6  41.88038  -7.72032   -0.0166   -0.0295      0.27
         7  41.91483  -7.00360    0.0068   -0.0288      0.09
         8  41.84860  -7.33322   -0.0033   -0.0328     -0.10
         9  41.84944  -6.59109    0.0118   -0.0294      0.11
        10  41.76295  -8.80780   -0.0390   -0.0065      0.20
        11  41.72871  -8.45937   -0.0255   -0.0125     -0.12
        12  41.63897  -8.04329   -0.0151   -0.0133      0.17
        13  41.56221  -7.51709   -0.0052   -0.0188      0.21
        14  41.71728  -6.85551    0.0100   -0.0234      0.01
        15  41.66298  -6.30702    0.0135   -0.0242      0.07
        16  41.53116  -6.56340    0.0165   -0.0221     -0.09
        17  41.43497  -8.71530   -0.0215    0.0009      0.14
        18  41.32386  -8.38600   -0.0140   -0.0053     -0.43
        19  41.16750  -8.26340   -0.0119   -0.0021     -0.53
        20  41.24847  -7.88691   -0.0076   -0.0021     -0.16
        21  41.43405  -7.00698    0.0071   -0.0163     -0.05
        22  41.23482  -7.25983   -0.0013   -0.0144      0.06
        23  41.21068  -6.75854    0.0126   -0.0198     -0.17
        24  41.35772  -6.32150    0.0183   -0.0163     -1.35
        25  41.10792  -8.58721   -0.0137    0.0039     -0.30
        26  40.87517  -8.28075   -0.0067    0.0013     -0.03
        27  40.97405  -7.98782   -0.0043    0.0033      0.31
        28  40.95564  -7.65617   -0.0002    0.0018      0.29
        29  40.77024  -7.42414    0.0018    0.0051      0.37
        30  40.86412  -6.99173    0.0091   -0.0063      0.07
        31  40.64283  -8.74784   -0.0100    0.0099     -0.39
        32  40.45969  -8.80187   -0.0023    0.0148     -0.21
        33  40.54727  -8.20205   -0.0048    0.0097      0.07
        34  40.61243  -7.74357    0.0083    0.0212     -0.26
        35  40.53378  -7.42522    0.0084    0.0045      0.37
        36  40.59123  -7.13279    0.0102    0.0017      0.25
        37  40.60444  -6.85588    0.0145    0.0029      0.06
        38  40.45484  -6.87826    0.0138    0.0061      0.09
        39  40.36186  -8.35468   -0.0016    0.0146      0.21
        40  40.19557  -8.85400   -0.0022    0.0190     -0.40
        41  40.08964  -8.17913    0.0033    0.0102      0.13
        42  40.38584  -7.93908    0.0012    0.0123     -0.08
        43  40.21558  -7.81803    0.0085    0.0108      0.46
        44  40.32190  -7.61292    0.0075    0.0093      1.04
        45  40.08057  -7.52500    0.0051    0.0130      0.40
        46  40.35140  -7.18082    0.0072    0.0097      0.20
        47  40.27219  -6.86023    0.0114    0.0129     -0.08
        48  40.03577  -7.11441    0.0135    0.0148     -0.07
        49  39.68717  -9.00254    0.0155    0.0194     -0.20
        50  39.89207  -8.84292    0.0055    0.0133     -0.25
        51  39.92039  -8.53994    0.0074    0.0060     -0.40
        52  39.84859  -7.92561    0.0083    0.0118      0.26
        53  39.69414  -8.13015    0.0102    0.0190      0.03
        54  39.80297  -7.46362    0.0060    0.0163      0.09
        55  39.73449  -7.03998    0.0135    0.0209     -0.12
        56  39.36060  -9.40779    0.0179    0.0268     -0.16
        57  39.45386  -9.20115    0.0142    0.0309     -0.37
        58  39.43742  -8.91859    0.0109    0.0204     -0.07
        59  39.53580  -8.63660    0.0109    0.0117      0.19
        60  39.52093  -8.29298    0.0092    0.0140     -0.05
        61  39.33471  -8.75043    0.0117    0.0131     -0.23
        62  39.33616  -8.41733    0.0107    0.0142     -0.18
        63  39.57531  -7.63005    0.0121    0.0207      0.18
        64  39.36705  -8.01141    0.0087    0.0168     -0.04
        65  39.60401  -7.21631    0.0069    0.0289      1.43
        66  39.31350  -7.36057    0.0091    0.0249      0.52
        67  39.17338  -9.04854    0.0147    0.0210      0.00
        68  39.01234  -9.31658    0.0187    0.0139     -0.12
        69  39.14224  -8.58665    0.0114    0.0146     -0.15
        70  39.07731  -8.18733    0.0084    0.0156      0.07
        71  39.18913  -7.62273    0.0055    0.0213      0.03
        72  39.03111  -7.10716    0.0018    0.0282     -0.46
        73  38.77432  -9.44149    0.0186    0.0077      0.06
        74  38.89424  -9.09102    0.0173    0.0118     -0.06
        75  38.71370  -9.13316    0.0154    0.0066     -0.31
        76  38.84057  -8.51905    0.0111    0.0136     -0.23
        77  38.68875  -8.54012    0.0132    0.0074     -0.14
        78  38.91634  -7.65408    0.0057    0.0191     -0.33
        79  38.72570  -7.98813    0.0075    0.0136      0.12
        80  38.73951  -7.58404    0.0020    0.0187      0.09
        81  38.83989  -7.25875    0.0020    0.0217     -0.07
        82  38.56616  -8.90027    0.0163    0.0059     -0.17
        83  38.45280  -9.10678    0.0174    0.0007     -0.22
        84  38.49190  -8.52310    0.0083    0.0023     -0.11
        85  38.56915  -8.18995    0.0057    0.0067      0.29
        86  38.24582  -8.23479    0.0051    0.0011      0.08
        87  38.44828  -7.80087    0.0007    0.0103     -0.18
        88  38.24618  -7.78391   -0.0010    0.0067      0.08
        89  38.32214  -8.00515    0.0025    0.0051      0.18
        90  38.44237  -7.38159   -0.0042    0.0154     -0.26
        91  38.22847  -7.15384   -0.0092    0.0151     -0.16
        92  38.16926  -8.64557    0.0099   -0.0038      0.15
        93  38.05136  -8.43560    0.0061   -0.0077      0.03
        94  37.88158  -8.16754   -0.0020   -0.0095      0.00
        95  38.09417  -7.44611   -0.0083    0.0114      0.00
        96  38.01732  -7.86555   -0.0042    0.0007      0.06
        97  37.92970  -7.59349   -0.0092    0.0088      0.04
        98  37.96437  -7.28435   -0.0125    0.0130      0.81
        99  37.79439  -8.71875    0.0059   -0.0209      0.03
       100  37.86601  -8.42487   -0.0001   -0.0120      0.04
       101  37.50729  -8.71673    0.0000   -0.0332      0.18
       102  37.61504  -8.38640   -0.0030   -0.0169      0.11
       103  37.79474  -7.45052   -0.0144    0.0086     -0.02
       104  37.70038  -7.76163   -0.0146   -0.0010      0.10
       105  37.61840  -8.07268   -0.0115   -0.0060     -0.02
       106  37.53873  -7.45089   -0.0238    0.0011     -0.74
       107  37.28354  -8.86016    0.0017   -0.0432      0.35
       108  37.31556  -8.59639   -0.0044   -0.0335      0.78
       109  37.21926  -8.78024   -0.0017   -0.0450      0.23
       110  37.37074  -8.08036   -0.0135   -0.0127      0.53
       111  37.48296  -7.85131   -0.0169   -0.0079      0.26
       112  37.33173  -7.40821   -0.0333   -0.0031     -0.82
       113  37.24346  -7.73905   -0.0240   -0.0137     -0.06
       114  37.18656  -7.48736   -0.0319   -0.0155     -0.78
       115  37.08551  -8.95176   -0.0039   -0.0569      0.27
       116  37.08815  -8.71854   -0.0086   -0.0426      0.10
       117  37.13836  -8.39457   -0.0135   -0.0308     -0.15
       118  37.10118  -7.93304   -0.0232   -0.0213     -0.22
       119  36.97460  -7.86518   -0.0224   -0.0208     -0.33