     Nome                     Latitude (º ´ ´´)  Longitude (º ´ ´´) h topo (m)
 1  GALIÑEIRO                   42    8   8.3257   -8   42   3.7124    764.71
 2  S. NOMÉDIO                  42    8   5.0360   -8   24  46.6970    750.06
 3  S. PAIO                     41   55  17.7367   -8   42  52.9342    700.92
 4  STA TECLA 2º                41   53  16.9826   -8   52  17.0183    398.25
 5  PENEDA-PSW                  41   58   8.7621   -8   18  27.3350   1430.04
 6  LAROUCO-TF25                41   52  49.4305   -7   43  13.0180   1583.93
 7  COROA                       41   54  53.4034   -7    0  12.8452   1338.15
 8  MAIROS                      41   50  54.9978   -7   19  59.4617   1147.99
 9  DEILÃO-PS                   41   50  57.9882   -6   35  27.8059   1015.86
 10 STA LUZIA                   41   45  46.7330   -8   48  27.9953    612.48
 11 OURAL-PS                    41   43  43.4245   -8   27  33.6587    777.67
 12 CABREIRA                    41   38  20.3446   -8    2  35.7387   1326.84
 13 PADRELA                     41   33  44.0149   -7   31   1.4350   1212.50
 14 NOGUEIRA-TF23               41   43   2.2404   -6   51  19.6999   1376.92
 15 LUZ                         41   39  46.7531   -6   18  25.1342    974.45
 16 CAMPO DE VÍBORAS            41   31  52.1705   -6   33  48.1172    809.65
 17 S. FÉLIX-PW                 41   26   5.9506   -8   42  54.9996    257.27
 18 CITÂNIA                     41   19  25.9684   -8   23   9.5169    632.17
 19 LUZIM-PSW                   41   10   3.0444   -8   15  48.1907    612.52
 20 MARÃO-TF15                  41   14  54.5405   -7   53  12.8172   1473.40
 21 BORNES                      41   26   2.6173   -7    0  25.0137   1263.35
 22 FONTE LONGA-TF16            41   14   5.3740   -7   15  35.3029    940.83
 23 LAGOAÇA                     41   12  38.4643   -6   45  30.6197    948.90
 24 S. ROQUE                    41   21  27.8051   -6   19  17.2974    849.19
 25 STO OVÍDIO                  41    6  28.5664   -8   35  13.9069    301.09
 26 S. PEDRO VELHO              40   52  30.6423   -8   16  50.6299   1137.91
 27 MONTEMURO-TF13              40   58  26.6146   -7   59  16.1003   1437.90
 28 LEOMIL-TF14                 40   57  20.3280   -7   39  22.1362   1067.72
 29 PISCO-TF20                  40   46  12.8783   -7   25  26.8442   1045.30
 30 MAROFA                      40   51  50.8528   -6   59  30.1413   1038.41
 31 AVEIRO-EXC                  40   38  34.2321   -8   44  52.1994    112.63
 32 PRAIA DE MIRA               40   27  34.9215   -8   48   6.7141     73.81
 33 CARAMULO                    40   32  50.2177   -8   12   7.3222   1131.70
 34 SRA DO CASTELO-E            40   36  44.7657   -7   44  36.8166    684.18
 35 CABEÇA ALTA-TF9             40   32   1.6094   -7   25  30.7209   1343.84
 36 JARMELO-TF21                40   35  28.4396   -7    7  57.9675    999.61
 37 VILAR FORMOSO               40   36  15.9700   -6   51  21.0834    882.23
 38 GUINALDO                    40   27  17.4319   -6   52  41.6702    942.76
 39 BUÇACO                      40   21  42.7198   -8   21  16.8304    616.05
 40 BUARCOS-TF11                40   11  44.1053   -8   51  14.4018    268.31
 41 LOUSÃ-TF17                  40    5  22.7428   -8   10  44.8483   1261.32
 42 S. MIGUEL DE MID            40   23   9.0521   -7   56  20.6474    450.47
 43 S. PEDRO DE AÇOR            40   12  56.1038   -7   49   4.8549   1398.66
 44 ESTRELA                     40   19  18.8437   -7   36  46.4681   2056.23
 45 GARDUNHA-PS                 40    4  50.0785   -7   31  29.9697   1282.62
 46 S. CORNÉLIO                 40   21   5.0439   -7   10  50.9136   1070.66
 47 MEZAS                       40   16  19.8885   -6   51  36.7748   1317.91
 48 MONSANTO-TF8                40    2   8.7682   -7    6  51.8165    818.11
 49 PATAIAS                     39   41  13.8212   -9    0   9.1531    203.64
 50 MONTE REDONDO-PS            39   53  31.4931   -8   50  34.4884    144.67
 51 SICÓ-PSW                    39   55  13.4169   -8   32  23.7390    608.48
 52 CABEÇO RAINHA-TF            39   50  54.9252   -7   55  32.1714   1140.16
 53 MELRIÇA -TF4                39   41  38.9156   -8    7  48.5118    650.18
 54 S. MARTINHO-PE              39   48  10.6848   -7   27  49.0062    491.27
 55 CABEÇO ALTO                 39   44   4.1489   -7    2  23.8891    466.13
 56 PENICHE-PNE                 39   21  38.1762   -9   24  28.0633    107.71
 57 BOURO                       39   27  13.9117   -9   12   4.1514    221.27
 58 CANDEEIROS                  39   26  14.7172   -8   55   6.9181    551.02
 59 AIRE-TF6                    39   32   8.8831   -8   38  11.7433    733.29
 60 MEDROA                      39   31  15.3522   -8   17  34.7289    338.00
 61 CABEÇA GORDA                39   20   4.9659   -8   45   1.5545    226.08
 62 FIGUEIRAS                   39   20  10.1997   -8   25   2.3678    259.61
 63 S. MIGUEL DE NIS            39   34  31.1037   -7   37  48.1738    518.11
 64 VALE DE ÁGUA                39   22   1.4010   -8    0  41.0458    348.72
 65 SANTIAGO                    39   36  14.4259   -7   12  58.7074    678.46
 66 S. MAMEDE-TF3               39   18  48.6105   -7   21  38.0267   1082.22
 67 MONTEJUNTO-TF7              39   10  24.1664   -9    2  54.7681    720.78
 68 ROMÃ-PSW                    39    0  44.4224   -9   18  59.7032    270.78
 69 ALMEIRIM                    39    8  32.0824   -8   35  11.9277    231.60
 70 MONTARGIL-TF2               39    4  38.3044   -8   11  14.3882    290.93
 71 ALTER PEDROSO               39   11  20.8776   -7   37  21.8266    475.64
 72 ATALAIA DA CONTE            39    1  51.9866   -7    6  25.7514    398.95
 73 MONGE                       38   46  27.5747   -9   26  29.3677    554.38
 74 SERVES-TF1                  38   53  39.2563   -9    5  27.6753    405.51
 75 LISBOA                      38   42  49.3122   -9    7  59.3843    165.97
 76 S. TORCATO                  38   50  26.0706   -8   31   8.5700    199.34
 77 BOMBEL                      38   41  19.4855   -8   32  24.4202    198.62
 78 CAIXEIRO                    38   54  58.8210   -7   39  14.6835    517.88
 79 ARRAIOLOS                   38   43  32.5287   -7   59  17.2648    467.30
 80 OSSA-TF29                   38   44  22.2483   -7   35   2.5288    708.33
 81 REGO-PSE                    38   50  23.5886   -7   15  31.4791    530.65
 82 PALMELA                     38   33  58.1803   -8   54    .9793    327.87
 83 SESIMBRA                    38   27  10.0741   -9    6  24.4134    308.18
 84 SERRINHA-PE                 38   29  30.8355   -8   31  23.1628    240.71
 85 MONFURADO-TF28              38   34   8.9289   -8   11  23.8010    480.15
 86 CARRASCAIS                  38   14  44.9655   -8   14   5.2316    169.25
 87 ESPINHEIRA                  38   26  53.7953   -7   48   3.1465    336.10
 88 MENDRO-TF31                 38   14  46.2319   -7   47   2.0898    467.66
 89 S. VICENTE-PSE              38   19  19.6923   -8    0  18.5448    436.74
 90 MONSARAZ                    38   26  32.5337   -7   22  53.7199    399.76
 91 MENTIRAS-PE                 38   13  42.5068   -7    9  13.8328    340.26
 92 ATALAIA DE GRÂND            38   10   9.3238   -8   38  44.0391    380.61
 93 BARROS-PE                   38    3   4.8933   -8   26   8.1606    172.18
 94 ALJUSTREL-TF33              37   52  53.6797   -8   10   3.1305    302.21
 95 ATALAIA GORDA               38    5  38.9978   -7   26  45.9860    341.75
 96 BEJA                        38    1   2.3509   -7   51  55.9897    369.93
 97 GUADALUPE                   37   55  46.9112   -7   35  36.5518    343.95
 98 FICALHO-PSW                 37   57  51.7240   -7   17   3.6729    578.85
 99 CERCAL-TF32                 37   47  39.8105   -8   43   7.4785    395.13
100 BARRADINHA-PW               37   51  57.6188   -8   25  29.5399    145.69
101 S. TEOTÓNIO-PE              37   30  26.2244   -8   43    .2060    274.85
102 VIGIA-TF34                  37   36  54.1407   -8   23  11.0275    449.06
103 ÁGUA NEGRA                  37   47  41.0627   -7   27   1.8793    316.10
104 ALCARIA RUIVA-TF            37   42   1.3775   -7   45  41.8670    427.10
105 URZA-PS                     37   37   6.2333   -8    4  21.6570    343.69
106 GRANADO                     37   32  19.4285   -7   27   3.1930    376.35
107 ARRIFANA-PE                 37   17    .7213   -8   51  36.5684    167.88
108 FOIA-TF36                   37   18  56.0156   -8   35  46.9948    956.16
109 POLDRA                      37   13   9.3468   -8   46  48.8518    307.46
110 MÚ-TF37                     37   22  14.6529   -8    4  49.2863    631.94
111 QUINTÃ-PW                   37   28  58.6639   -7   51   4.6976    388.73
112 MONTE GORDO                 37   19  54.2545   -7   24  29.5724    215.13
113 ALCARIA DO CUME-            37   14  36.4703   -7   44  20.5852    580.04
114 CABEÇA                      37   11  11.6371   -7   29  14.4761    112.10
115 TORRE DE ASPA-PE            37    5   7.8403   -8   57   6.3259    209.92
116 ATALAIA-PN                  37    5  17.3491   -8   43   6.7289    162.42
117 SOBRAL                      37    8  18.0906   -8   23  40.4442    164.49
118 GUILHIM-TF40                37    6   4.2450   -7   55  58.9521    367.34
119 STA MARIA-EXC               36   58  28.5545   -7   51  54.6342     58.42
