         1  42.13562  -8.70106   -0.0957   -0.1026     -0.42
         2  42.13471  -8.41300   -0.0830   -0.1060      0.14
         3  41.92157  -8.71473   -0.0917   -0.0858      0.86
         4  41.88802  -8.87142   -0.0976   -0.0827      0.78
         5  41.96908  -8.30762   -0.0831   -0.0980      1.07
         6  41.88038  -7.72032   -0.0645   -0.1180      0.79
         7  41.91483  -7.00360   -0.0324   -0.1288      0.62
         8  41.84860  -7.33322   -0.0458   -0.1263      0.42
         9  41.84944  -6.59109   -0.0212   -0.1341      0.64
        10  41.76295  -8.80780   -0.0990   -0.0757      0.70
        11  41.72871  -8.45937   -0.0805   -0.0863      0.38
        12  41.63897  -8.04329   -0.0636   -0.0913      0.66
        13  41.56221  -7.51709   -0.0459   -0.1030      0.70
        14  41.71728  -6.85551   -0.0244   -0.1211      0.52
        15  41.66298  -6.30702   -0.0131   -0.1288      0.58
        16  41.53116  -6.56340   -0.0115   -0.1198      0.40
        17  41.43497  -8.71530   -0.0756   -0.0624      0.59
        18  41.32386  -8.38600   -0.0624   -0.0711      0.01
        19  41.16750  -8.26340   -0.0564   -0.0663     -0.11
        20  41.24847  -7.88691   -0.0485   -0.0738      0.28
        21  41.43405  -7.00698   -0.0253   -0.1053      0.42
        22  41.23482  -7.25983   -0.0340   -0.0951      0.50
        23  41.21068  -6.75854   -0.0133   -0.1073      0.27
        24  41.35772  -6.32150   -0.0041   -0.1136     -0.88
        25  41.10792  -8.58721   -0.0614   -0.0541      0.11
        26  40.87517  -8.28075   -0.0473   -0.0561      0.35
        27  40.97405  -7.98782   -0.0426   -0.0607      0.70
        28  40.95564  -7.65617   -0.0340   -0.0668      0.69
        29  40.77024  -7.42414   -0.0263   -0.0628      0.75
        30  40.86412  -6.99173   -0.0148   -0.0827      0.47
        31  40.64283  -8.74784   -0.0531   -0.0356     -0.04
        32  40.45969  -8.80187   -0.0435   -0.0259      0.11
        33  40.54727  -8.20205   -0.0397   -0.0418      0.40
        34  40.61243  -7.74357   -0.0217   -0.0384      0.10
        35  40.53378  -7.42522   -0.0164   -0.0581      0.71
        36  40.59123  -7.13279   -0.0116   -0.0665      0.61
        37  40.60444  -6.85588   -0.0040   -0.0696      0.42
        38  40.45484  -6.87826   -0.0029   -0.0628      0.43
        39  40.36186  -8.35468   -0.0358   -0.0306      0.52
        40  40.19557  -8.85400   -0.0403   -0.0152     -0.12
        41  40.08964  -8.17913   -0.0248   -0.0317      0.41
        42  40.38584  -7.93908   -0.0281   -0.0396      0.24
        43  40.21558  -7.81803   -0.0168   -0.0391      0.75
        44  40.32190  -7.61292   -0.0167   -0.0459      1.34
        45  40.08057  -7.52500   -0.0145   -0.0383      0.67
        46  40.35140  -7.18082   -0.0119   -0.0524      0.52
        47  40.27219  -6.86023   -0.0025   -0.0522      0.23
        48  40.03577  -7.11441   -0.0002   -0.0415      0.20
        49  39.68717  -9.00254   -0.0172   -0.0019      0.00
        50  39.89207  -8.84292   -0.0281   -0.0146     -0.01
        51  39.92039  -8.53994   -0.0229   -0.0270     -0.16
        52  39.84859  -7.92561   -0.0132   -0.0286      0.50
        53  39.69414  -8.13015   -0.0116   -0.0152      0.25
        54  39.80297  -7.46362   -0.0088   -0.0298      0.33
        55  39.73449  -7.03998    0.0051   -0.0299      0.11
        56  39.36060  -9.40779   -0.0152    0.0183     -0.01
        57  39.45386  -9.20115   -0.0177    0.0174     -0.20
        58  39.43742  -8.91859   -0.0172    0.0031      0.09
        59  39.53580  -8.63660   -0.0151   -0.0117      0.37
        60  39.52093  -8.29298   -0.0122   -0.0141      0.14
        61  39.33471  -8.75043   -0.0129   -0.0045     -0.08
        62  39.33616  -8.41733   -0.0097   -0.0082     -0.02
        63  39.57531  -7.63005   -0.0017   -0.0182      0.39
        64  39.36705  -8.01141   -0.0070   -0.0122      0.13
        65  39.60401  -7.21631   -0.0019   -0.0166      1.65
        66  39.31350  -7.36057    0.0025   -0.0123      0.68
        67  39.17338  -9.04854   -0.0114    0.0111      0.12
        68  39.01234  -9.31658   -0.0084    0.0112     -0.02
        69  39.14224  -8.58665   -0.0084   -0.0013     -0.02
        70  39.07731  -8.18733   -0.0054   -0.0048      0.20
        71  39.18913  -7.62273   -0.0026   -0.0094      0.18
        72  39.03111  -7.10716    0.0024   -0.0066     -0.33
        73  38.77432  -9.44149   -0.0067    0.0117      0.12
        74  38.89424  -9.09102   -0.0053    0.0083      0.02
        75  38.71370  -9.13316   -0.0052    0.0073     -0.26
        76  38.84057  -8.51905   -0.0036    0.0030     -0.14
        77  38.68875  -8.54012    0.0005    0.0002     -0.08
        78  38.91634  -7.65408    0.0010   -0.0055     -0.23
        79  38.72570  -7.98813    0.0013   -0.0022      0.20
        80  38.73951  -7.58404    0.0007   -0.0032      0.17
        81  38.83989  -7.25875    0.0034   -0.0069      0.03
        82  38.56616  -8.90027    0.0007    0.0063     -0.13
        83  38.45280  -9.10678    0.0009    0.0064     -0.20
        84  38.49190  -8.52310   -0.0015   -0.0012     -0.08
        85  38.56915  -8.18995   -0.0009   -0.0030      0.33
        86  38.24582  -8.23479    0.0025   -0.0014      0.08
        87  38.44828  -7.80087    0.0007   -0.0025     -0.15
        88  38.24618  -7.78391    0.0021   -0.0022      0.08
        89  38.32214  -8.00515    0.0017   -0.0022      0.19
        90  38.44237  -7.38159    0.0013   -0.0031     -0.22
        91  38.22847  -7.15384    0.0022   -0.0022     -0.16
        92  38.16926  -8.64557    0.0032    0.0011      0.13
        93  38.05136  -8.43560    0.0037   -0.0034     -0.01
        94  37.88158  -8.16754    0.0013   -0.0055     -0.07
        95  38.09417  -7.44611    0.0012    0.0010     -0.02
        96  38.01732  -7.86555    0.0011   -0.0023      0.03
        97  37.92970  -7.59349    0.0008    0.0038      0.00
        98  37.96437  -7.28435    0.0010    0.0029      0.77
        99  37.79439  -8.71875    0.0035   -0.0075     -0.05
       100  37.86601  -8.42487    0.0002   -0.0041     -0.03
       101  37.50729  -8.71673    0.0016   -0.0140      0.05
       102  37.61504  -8.38640    0.0013   -0.0045      0.00
       103  37.79474  -7.45052   -0.0007    0.0043     -0.09
       104  37.70038  -7.76163   -0.0035    0.0010      0.01
       105  37.61840  -8.07268   -0.0033    0.0020     -0.12
       106  37.53873  -7.45089   -0.0065    0.0020     -0.85
       107  37.28354  -8.86016    0.0047   -0.0176      0.18
       108  37.31556  -8.59639    0.0014   -0.0122      0.62
       109  37.21926  -8.78024    0.0032   -0.0192      0.06
       110  37.37074  -8.08036   -0.0019    0.0003      0.38
       111  37.48296  -7.85131   -0.0039   -0.0004      0.14
       112  37.33173  -7.40821   -0.0125    0.0014     -0.96
       113  37.24346  -7.73905   -0.0063   -0.0028     -0.22
       114  37.18656  -7.48736   -0.0101   -0.0069     -0.95
       115  37.08551  -8.95176    0.0007   -0.0261      0.06
       116  37.08815  -8.71854   -0.0011   -0.0151     -0.10
       117  37.13836  -8.39457   -0.0026   -0.0088     -0.34
       118  37.10118  -7.93304   -0.0060   -0.0049     -0.41
       119  36.97460  -7.86518   -0.0025   -0.0028     -0.53