     Nome                     Latitude (º ´ ´´)  Longitude (º ´ ´´) h topo (m)
 1  GALIÑEIRO                   42    8   8.2668   -8   42   3.7858    765.64
 2  S. NOMÉDIO                  42    8   4.9804   -8   24  46.7743    750.95
 3  S. PAIO                     41   55  17.6803   -8   42  53.0031    701.81
 4  STA TECLA 2º                41   53  16.9250   -8   52  17.0844    399.15
 5  PENEDA-PSW                  41   58   8.7097   -8   18  27.4103   1430.87
 6  LAROUCO-TF25                41   52  49.3859   -7   43  13.0995   1584.65
 7  COROA                       41   54  53.3666   -7    0  12.9369   1338.75
 8  MAIROS                      41   50  54.9580   -7   19  59.5477   1148.64
 9  DEILÃO-PS                   41   50  57.9570   -6   35  27.9017   1016.38
 10 STA LUZIA                   41   45  46.6777   -8   48  28.0598    613.35
 11 OURAL-PS                    41   43  43.3736   -8   27  33.7272    778.47
 12 CABREIRA                    41   38  20.2995   -8    2  35.8109   1327.55
 13 PADRELA                     41   33  43.9767   -7   31   1.5127   1213.11
 14 NOGUEIRA-TF23               41   43   2.2078   -6   51  19.7895   1377.45
 15 LUZ                         41   39  46.7276   -6   18  25.2299    974.89
 16 CAMPO DE VÍBORAS            41   31  52.1437   -6   33  48.2068    810.10
 17 S. FÉLIX-PW                 41   26   5.9005   -8   42  55.0588    258.04
 18 CITÂNIA                     41   19  25.9234   -8   23   9.5784    632.86
 19 LUZIM-PSW                   41   10   3.0028   -8   15  48.2507    613.15
 20 MARÃO-TF15                  41   14  54.5020   -7   53  12.8837   1473.99
 21 BORNES                      41   26   2.5865   -7    0  25.0955   1263.84
 22 FONTE LONGA-TF16            41   14   5.3429   -7   15  35.3774    941.31
 23 LAGOAÇA                     41   12  38.4392   -6   45  30.7002    949.29
 24 S. ROQUE                    41   21  27.7832   -6   19  17.3866    849.55
 25 STO OVÍDIO                  41    6  28.5219   -8   35  13.9614    301.76
 26 S. PEDRO VELHO              40   52  30.6041   -8   16  50.6839   1138.47
 27 MONTEMURO-TF13              40   58  26.5784   -7   59  16.1601   1438.43
 28 LEOMIL-TF14                 40   57  20.2958   -7   39  22.2000   1068.20
 29 PISCO-TF20                  40   46  12.8512   -7   25  26.9074   1045.70
 30 MAROFA                      40   51  50.8294   -6   59  30.2119   1038.76
 31 AVEIRO-EXC                  40   38  34.1918   -8   44  52.2429    113.22
 32 PRAIA DE MIRA               40   27  34.8828   -8   48   6.7533     74.36
 33 CARAMULO                    40   32  50.1845   -8   12   7.3709   1132.17
 34 SRA DO CASTELO-E            40   36  44.7369   -7   44  36.8725    684.59
 35 CABEÇA ALTA-TF9             40   32   1.5851   -7   25  30.7794   1344.17
 36 JARMELO-TF21                40   35  28.4180   -7    7  58.0309    999.91
 37 VILAR FORMOSO               40   36  15.9514   -6   51  21.1506    882.49
 38 GUINALDO                    40   27  17.4148   -6   52  41.7342    942.99
 39 BUÇACO                      40   21  42.6872   -8   21  16.8736    616.50
 40 BUARCOS-TF11                40   11  44.0693   -8   51  14.4353    268.79
 41 LOUSÃ-TF17                  40    5  22.7156   -8   10  44.8885   1261.67
 42 S. MIGUEL DE MID            40   23   9.0239   -7   56  20.6965    450.86
 43 S. PEDRO DE AÇOR            40   12  56.0791   -7   49   4.9022   1398.98
 44 ESTRELA                     40   19  18.8199   -7   36  46.5200   2056.54
 45 GARDUNHA-PS                 40    4  50.0588   -7   31  30.0182   1282.85
 46 S. CORNÉLIO                 40   21   5.0247   -7   10  50.9716   1070.91
 47 MEZAS                       40   16  19.8739   -6   51  36.8354   1318.08
 48 MONSANTO-TF8                40    2   8.7537   -7    6  51.8693    818.27
 49 PATAIAS                     39   41  13.7900   -9    0   9.1753    204.02
 50 MONTE REDONDO-PS            39   53  31.4611   -8   50  34.5164    145.08
 51 SICÓ-PSW                    39   55  13.3878   -8   32  23.7715    608.85
 52 CABEÇO RAINHA-TF            39   50  54.9038   -7   55  32.2103   1140.41
 53 MELRIÇA -TF4                39   41  38.8940   -8    7  48.5453    650.43
 54 S. MARTINHO-PE              39   48  10.6693   -7   27  49.0502    491.43
 55 CABEÇO ALTO                 39   44   4.1390   -7    2  23.9371    466.20
 56 PENICHE-PNE                 39   21  38.1447   -9   24  28.0743    108.09
 57 BOURO                       39   27  13.8813   -9   12   4.1667    221.63
 58 CANDEEIROS                  39   26  14.6901   -8   55   6.9368    551.33
 59 AIRE-TF6                    39   32   8.8578   -8   38  11.7673    733.57
 60 MEDROA                      39   31  15.3309   -8   17  34.7571    338.23
 61 CABEÇA GORDA                39   20   4.9419   -8   45   1.5735    226.33
 62 FIGUEIRAS                   39   20  10.1793   -8   25   2.3911    259.81
 63 S. MIGUEL DE NIS            39   34  31.0891   -7   37  48.2115    518.24
 64 VALE DE ÁGUA                39   22   1.3847   -8    0  41.0748    348.86
 65 SANTIAGO                    39   36  14.4156   -7   12  58.7508    678.53
 66 S. MAMEDE-TF3               39   18  48.6021   -7   21  38.0628   1082.23
 67 MONTEJUNTO-TF7              39   10  24.1411   -9    2  54.7803    721.04
 68 ROMÃ-PSW                    39    0  44.3962   -9   18  59.7092    271.05
 69 ALMEIRIM                    39    8  32.0626   -8   35  11.9453    231.78
 70 MONTARGIL-TF2               39    4  38.2898   -8   11  14.4097    291.03
 71 ALTER PEDROSO               39   11  20.8679   -7   37  21.8571    475.67
 72 ATALAIA DA CONTE            39    1  51.9845   -7    6  25.7854    398.85
 73 MONGE                       38   46  27.5501   -9   26  29.3678    554.61
 74 SERVES-TF1                  38   53  39.2340   -9    5  27.6820    405.71
 75 LISBOA                      38   42  49.2917   -9    7  59.3873    166.13
 76 S. TORCATO                  38   50  26.0552   -8   31   8.5830    199.43
 77 BOMBEL                      38   41  19.4718   -8   32  24.4302    198.67
 78 CAIXEIRO                    38   54  58.8143   -7   39  14.7087    517.84
 79 ARRAIOLOS                   38   43  32.5206   -7   59  17.2823    467.27
 80 OSSA-TF29                   38   44  22.2445   -7   35   2.5516    708.23
 81 REGO-PSE                    38   50  23.5872   -7   15  31.5077    530.53
 82 PALMELA                     38   33  58.1642   -8   54    .9826    327.95
 83 SESIMBRA                    38   27  10.0572   -9    6  24.4121    308.27
 84 SERRINHA-PE                 38   29  30.8244   -8   31  23.1696    240.71
 85 MONFURADO-TF28              38   34   8.9205   -8   11  23.8132    480.11
 86 CARRASCAIS                  38   14  44.9606   -8   14   5.2376    169.14
 87 ESPINHEIRA                  38   26  53.7926   -7   48   3.1614    335.96
 88 MENDRO-TF31                 38   14  46.2319   -7   47   2.1013    467.47
 89 S. VICENTE-PSE              38   19  19.6890   -8    0  18.5549    436.61
 90 MONSARAZ                    38   26  32.5358   -7   22  53.7397    399.56
 91 MENTIRAS-PE                 38   13  42.5140   -7    9  13.8516    339.95
 92 ATALAIA DE GRÂND            38   10   9.3153   -8   38  44.0386    380.55
 93 BARROS-PE                   38    3   4.8886   -8   26   8.1607    172.05
 94 ALJUSTREL-TF33              37   52  53.6799   -8   10   3.1309    301.99
 95 ATALAIA GORDA               38    5  39.0034   -7   26  45.9988    341.46
 96 BEJA                        38    1   2.3528   -7   51  55.9962    369.69
 97 GUADALUPE                   37   55  46.9172   -7   35  36.5599    343.65
 98 FICALHO-PSW                 37   57  51.7330   -7   17   3.6854    578.50
 99 CERCAL-TF32                 37   47  39.8058   -8   43   7.4707    394.98
100 BARRADINHA-PW               37   51  57.6164   -8   25  29.5368    145.51
101 S. TEOTÓNIO-PE              37   30  26.2232   -8   43    .1932    274.62
102 VIGIA-TF34                  37   36  54.1418   -8   23  11.0206    448.81
103 ÁGUA NEGRA                  37   47  41.0719   -7   27   1.8868    315.73
104 ALCARIA RUIVA-TF            37   42   1.3844   -7   45  41.8691    426.76
105 URZA-PS                     37   37   6.2378   -8    4  21.6540    343.38
106 GRANADO                     37   32  19.4407   -7   27   3.1960    375.91
107 ARRIFANA-PE                 37   17    .7214   -8   51  36.5501    167.62
108 FOIA-TF36                   37   18  56.0180   -8   35  46.9802    955.86
109 POLDRA                      37   13   9.3485   -8   46  48.8333    307.17
110 MÚ-TF37                     37   22  14.6602   -8    4  49.2789    631.57
111 QUINTÃ-PW                   37   28  58.6725   -7   51   4.6949    388.35
112 MONTE GORDO                 37   19  54.2698   -7   24  29.5723    214.63
113 ALCARIA DO CUME-            37   14  36.4829   -7   44  20.5797    579.57
114 CABEÇA                      37   11  11.6532   -7   29  14.4726    111.57
115 TORRE DE ASPA-PE            37    5   7.8417   -8   57   6.3032    209.62
116 ATALAIA-PN                  37    5  17.3530   -8   43   6.7091    162.08
117 SOBRAL                      37    8  18.0974   -8   23  40.4290    164.11
118 GUILHIM-TF40                37    6   4.2572   -7   55  58.9418    366.87
119 STA MARIA-EXC               36   58  28.5690   -7   51  54.6226     57.91
