     Nome                     Latitude (º ´ ´´)  Longitude (º ´ ´´) h topo (m)
 1  GALIÑEIRO                   42    8   8.2661   -8   42   3.7858    765.24
 2  S. NOMÉDIO                  42    8   4.9801   -8   24  46.7748    750.62
 3  S. PAIO                     41   55  17.6799   -8   42  53.0025    701.42
 4  STA TECLA 2º                41   53  16.9244   -8   52  17.0835    398.74
 5  PENEDA-PSW                  41   58   8.7098   -8   18  27.4106   1430.57
 6  LAROUCO-TF25                41   52  49.3871   -7   43  13.1005   1584.50
 7  COROA                       41   54  53.3688   -7    0  12.9392   1338.77
 8  MAIROS                      41   50  54.9598   -7   19  59.5491   1148.58
 9  DEILÃO-PS                   41   50  57.9599   -6   35  27.9044   1016.50
 10 STA LUZIA                   41   45  46.6773   -8   48  28.0586    612.96
 11 OURAL-PS                    41   43  43.3738   -8   27  33.7266    778.17
 12 CABREIRA                    41   38  20.3005   -8    2  35.8107   1327.35
 13 PADRELA                     41   33  43.9786   -7   31   1.5131   1213.04
 14 NOGUEIRA-TF23               41   43   2.2105   -6   51  19.7915   1377.52
 15 LUZ                         41   39  46.7312   -6   18  25.2326    975.09
 16 CAMPO DE VÍBORAS            41   31  52.1472   -6   33  48.2087    810.26
 17 S. FÉLIX-PW                 41   26   5.9008   -8   42  55.0569    257.70
 18 CITÂNIA                     41   19  25.9243   -8   23   9.5767    632.61
 19 LUZIM-PSW                   41   10   3.0042   -8   15  48.2487    612.95
 20 MARÃO-TF15                  41   14  54.5039   -7   53  12.8827   1473.87
 21 BORNES                      41   26   2.5895   -7    0  25.0965   1263.91
 22 FONTE LONGA-TF16            41   14   5.3458   -7   15  35.3773    941.34
 23 LAGOAÇA                     41   12  38.4430   -6   45  30.7009    949.44
 24 S. ROQUE                    41   21  27.7874   -6   19  17.3884    849.79
 25 STO OVÍDIO                  41    6  28.5229   -8   35  13.9588    301.48
 26 S. PEDRO VELHO              40   52  30.6060   -8   16  50.6811   1138.30
 27 MONTEMURO-TF13              40   58  26.5806   -7   59  16.1581   1438.32
 28 LEOMIL-TF14                 40   57  20.2986   -7   39  22.1985   1068.16
 29 PISCO-TF20                  40   46  12.8546   -7   25  26.9057   1045.73
 30 MAROFA                      40   51  50.8334   -6   59  30.2112   1038.89
 31 AVEIRO-EXC                  40   38  34.1932   -8   44  52.2386    112.95
 32 PRAIA DE MIRA               40   27  34.8844   -8   48   6.7485     74.10
 33 CARAMULO                    40   32  50.1870   -8   12   7.3674   1132.04
 34 SRA DO CASTELO-E            40   36  44.7400   -7   44  36.8698    684.57
 35 CABEÇA ALTA-TF9             40   32   1.5890   -7   25  30.7771   1344.24
 36 JARMELO-TF21                40   35  28.4222   -7    7  58.0292   1000.04
 37 VILAR FORMOSO               40   36  15.9560   -6   51  21.1494    882.68
 38 GUINALDO                    40   27  17.4197   -6   52  41.7325    943.19
 39 BUÇACO                      40   21  42.6898   -8   21  16.8692    616.36
 40 BUARCOS-TF11                40   11  44.0712   -8   51  14.4296    268.55
 41 LOUSÃ-TF17                  40    5  22.7189   -8   10  44.8837   1261.60
 42 S. MIGUEL DE MID            40   23   9.0271   -7   56  20.6928    450.81
 43 S. PEDRO DE AÇOR            40   12  56.0828   -7   49   4.8983   1398.98
 44 ESTRELA                     40   19  18.8239   -7   36  46.5169   2056.58
 45 GARDUNHA-PS                 40    4  50.0632   -7   31  30.0144   1282.94
 46 S. CORNÉLIO                 40   21   5.0293   -7   10  50.9692   1071.05
 47 MEZAS                       40   16  19.8791   -6   51  36.8333   1318.31
 48 MONSANTO-TF8                40    2   8.7590   -7    6  51.8661    818.46
 49 PATAIAS                     39   41  13.7925   -9    0   9.1679    203.79
 50 MONTE REDONDO-PS            39   53  31.4635   -8   50  34.5098    144.87
 51 SICÓ-PSW                    39   55  13.3908   -8   32  23.7655    608.71
 52 CABEÇO RAINHA-TF            39   50  54.9079   -7   55  32.2052   1140.42
 53 MELRIÇA -TF4                39   41  38.8980   -8    7  48.5393    650.41
 54 S. MARTINHO-PE              39   48  10.6743   -7   27  49.0456    491.56
 55 CABEÇO ALTO                 39   44   4.1449   -7    2  23.9330    466.44
 56 PENICHE-PNE                 39   21  38.1469   -9   24  28.0652    107.79
 57 BOURO                       39   27  13.8837   -9   12   4.1583    221.38
 58 CANDEEIROS                  39   26  14.6931   -8   55   6.9288    551.14
 59 AIRE-TF6                    39   32   8.8612   -8   38  11.7600    733.45
 60 MEDROA                      39   31  15.3349   -8   17  34.7502    338.19
 61 CABEÇA GORDA                39   20   4.9453   -8   45   1.5653    226.20
 62 FIGUEIRAS                   39   20  10.1834   -8   25   2.3834    259.75
 63 S. MIGUEL DE NIS            39   34  31.0942   -7   37  48.2059    518.35
 64 VALE DE ÁGUA                39   22   1.3895   -8    0  41.0680    348.90
 65 SANTIAGO                    39   36  14.4215   -7   12  58.7460    678.74
 66 S. MAMEDE-TF3               39   18  48.6082   -7   21  38.0570   1082.44
 67 MONTEJUNTO-TF7              39   10  24.1442   -9    2  54.7713    720.85
 68 ROMÃ-PSW                    39    0  44.3991   -9   18  59.6992    270.81
 69 ALMEIRIM                    39    8  32.0666   -8   35  11.9368    231.70
 70 MONTARGIL-TF2               39    4  38.2947   -8   11  14.4016    291.06
 71 ALTER PEDROSO               39   11  20.8737   -7   37  21.8504    475.83
 72 ATALAIA DA CONTE            39    1  51.9916   -7    6  25.7791    399.15
 73 MONGE                       38   46  27.5532   -9   26  29.3568    554.36
 74 SERVES-TF1                  38   53  39.2375   -9    5  27.6719    405.54
 75 LISBOA                      38   42  49.2954   -9    7  59.3766    165.96
 76 S. TORCATO                  38   50  26.0599   -8   31   8.5736    199.41
 77 BOMBEL                      38   41  19.4767   -8   32  24.4203    198.66
 78 CAIXEIRO                    38   54  58.8205   -7   39  14.7010    518.02
 79 ARRAIOLOS                   38   43  32.5266   -7   59  17.2735    467.39
 80 OSSA-TF29                   38   44  22.2512   -7   35   2.5436    708.44
 81 REGO-PSE                    38   50  23.5943   -7   15  31.5005    530.81
 82 PALMELA                     38   33  58.1686   -8   54    .9718    327.86
 83 SESIMBRA                    38   27  10.0614   -9    6  24.4006    308.14
 84 SERRINHA-PE                 38   29  30.8297   -8   31  23.1591    240.72
 85 MONFURADO-TF28              38   34   8.9263   -8   11  23.8036    480.19
 86 CARRASCAIS                  38   14  44.9669   -8   14   5.2268    169.24
 87 ESPINHEIRA                  38   26  53.7994   -7   48   3.1520    336.15
 88 MENDRO-TF31                 38   14  46.2391   -7   47   2.0913    467.68
 89 S. VICENTE-PSE              38   19  19.6956   -8    0  18.5448    436.76
 90 MONSARAZ                    38   26  32.5434   -7   22  53.7311    399.85
 91 MENTIRAS-PE                 38   13  42.5225   -7    9  13.8426    340.33
 92 ATALAIA DE GRÂND            38   10   9.3209   -8   38  44.0270    380.55
 93 BARROS-PE                   38    3   4.8948   -8   26   8.1490    172.12
 94 ALJUSTREL-TF33              37   52  53.6870   -8   10   3.1190    302.14
 95 ATALAIA GORDA               38    5  39.0116   -7   26  45.9889    341.78
 96 BEJA                        38    1   2.3603   -7   51  55.9853    369.91
 97 GUADALUPE                   37   55  46.9254   -7   35  36.5493    343.94
 98 FICALHO-PSW                 37   57  51.7418   -7   17   3.6754    578.87
 99 CERCAL-TF32                 37   47  39.8119   -8   43   7.4576    395.01
100 BARRADINHA-PW               37   51  57.6230   -8   25  29.5245    145.60
101 S. TEOTÓNIO-PE              37   30  26.2298   -8   43    .1793    274.68
102 VIGIA-TF34                  37   36  54.1489   -8   23  11.0075    448.94
103 ÁGUA NEGRA                  37   47  41.0806   -7   27   1.8760    316.07
104 ALCARIA RUIVA-TF            37   42   1.3927   -7   45  41.8574    427.03
105 URZA-PS                     37   37   6.2455   -8    4  21.6414    343.59
106 GRANADO                     37   32  19.4499   -7   27   3.1843    376.28
107 ARRIFANA-PE                 37   17    .7280   -8   51  36.5351    167.66
108 FOIA-TF36                   37   18  56.0252   -8   35  46.9658    955.97
109 POLDRA                      37   13   9.3554   -8   46  48.8183    307.24
110 MÚ-TF37                     37   22  14.6684   -8    4  49.2656    631.80
111 QUINTÃ-PW                   37   28  58.6809   -7   51   4.6823    388.63
112 MONTE GORDO                 37   19  54.2794   -7   24  29.5600    215.03
113 ALCARIA DO CUME-            37   14  36.4921   -7   44  20.5665    579.90
114 CABEÇA                      37   11  11.6630   -7   29  14.4596    111.97
115 TORRE DE ASPA-PE            37    5   7.8485   -8   57   6.2874    209.65
116 ATALAIA-PN                  37    5  17.3603   -8   43   6.6937    162.18
117 SOBRAL                      37    8  18.1053   -8   23  40.4143    164.28
118 GUILHIM-TF40                37    6   4.2662   -7   55  58.9278    367.16
119 STA MARIA-EXC               36   58  28.5784   -7   51  54.6082     58.23
