         1  42.13562  -8.70106   -0.0361   -0.0292     -0.95
         2  42.13471  -8.41300   -0.0271   -0.0282     -0.42
         3  41.92157  -8.71473   -0.0349   -0.0175      0.36
         4  41.88802  -8.87142   -0.0394   -0.0175      0.29
         5  41.96908  -8.30762   -0.0308   -0.0224      0.54
         6  41.88038  -7.72032   -0.0211   -0.0355      0.22
         7  41.91483  -7.00360    0.0022   -0.0348      0.00
         8  41.84860  -7.33322   -0.0078   -0.0389     -0.17
         9  41.84944  -6.59109    0.0071   -0.0356      0.00
        10  41.76295  -8.80780   -0.0433   -0.0124      0.22
        11  41.72871  -8.45937   -0.0298   -0.0184     -0.12
        12  41.63897  -8.04329   -0.0195   -0.0193      0.15
        13  41.56221  -7.51709   -0.0096   -0.0249      0.16
        14  41.71728  -6.85551    0.0055   -0.0295     -0.08
        15  41.66298  -6.30702    0.0088   -0.0304     -0.06
        16  41.53116  -6.56340    0.0118   -0.0283     -0.21
        17  41.43497  -8.71530   -0.0258   -0.0051      0.16
        18  41.32386  -8.38600   -0.0183   -0.0113     -0.43
        19  41.16750  -8.26340   -0.0162   -0.0083     -0.54
        20  41.24847  -7.88691   -0.0119   -0.0083     -0.19
        21  41.43405  -7.00698    0.0025   -0.0225     -0.14
        22  41.23482  -7.25983   -0.0058   -0.0207     -0.01
        23  41.21068  -6.75854    0.0080   -0.0261     -0.27
        24  41.35772  -6.32150    0.0136   -0.0226     -1.48
        25  41.10792  -8.58721   -0.0179   -0.0022     -0.28
        26  40.87517  -8.28075   -0.0110   -0.0049     -0.04
        27  40.97405  -7.98782   -0.0086   -0.0029      0.28
        28  40.95564  -7.65617   -0.0046   -0.0045      0.25
        29  40.77024  -7.42414   -0.0026   -0.0013      0.32
        30  40.86412  -6.99173    0.0046   -0.0128     -0.01
        31  40.64283  -8.74784   -0.0142    0.0036     -0.36
        32  40.45969  -8.80187   -0.0064    0.0085     -0.18
        33  40.54727  -8.20205   -0.0090    0.0034      0.06
        34  40.61243  -7.74357    0.0040    0.0148     -0.29
        35  40.53378  -7.42522    0.0040   -0.0019      0.31
        36  40.59123  -7.13279    0.0058   -0.0048      0.18
        37  40.60444  -6.85588    0.0100   -0.0036     -0.03
        38  40.45484  -6.87826    0.0093   -0.0005      0.00
        39  40.36186  -8.35468   -0.0058    0.0082      0.21
        40  40.19557  -8.85400   -0.0062    0.0126     -0.36
        41  40.08964  -8.17913   -0.0009    0.0037      0.13
        42  40.38584  -7.93908   -0.0031    0.0058     -0.10
        43  40.21558  -7.81803    0.0042    0.0043      0.43
        44  40.32190  -7.61292    0.0031    0.0029      0.99
        45  40.08057  -7.52500    0.0008    0.0064      0.35
        46  40.35140  -7.18082    0.0027    0.0032      0.13
        47  40.27219  -6.86023    0.0069    0.0063     -0.17
        48  40.03577  -7.11441    0.0090    0.0081     -0.15
        49  39.68717  -9.00254    0.0115    0.0129     -0.15
        50  39.89207  -8.84292    0.0015    0.0068     -0.21
        51  39.92039  -8.53994    0.0032   -0.0005     -0.39
        52  39.84859  -7.92561    0.0041    0.0052      0.24
        53  39.69414  -8.13015    0.0060    0.0123      0.02
        54  39.80297  -7.46362    0.0017    0.0096      0.04
        55  39.73449  -7.03998    0.0091    0.0140     -0.20
        56  39.36060  -9.40779    0.0141    0.0202     -0.09
        57  39.45386  -9.20115    0.0103    0.0243     -0.31
        58  39.43742  -8.91859    0.0069    0.0138     -0.03
        59  39.53580  -8.63660    0.0068    0.0050      0.21
        60  39.52093  -8.29298    0.0051    0.0072     -0.05
        61  39.33471  -8.75043    0.0077    0.0063     -0.20
        62  39.33616  -8.41733    0.0066    0.0074     -0.16
        63  39.57531  -7.63005    0.0078    0.0139      0.15
        64  39.36705  -8.01141    0.0045    0.0100     -0.05
        65  39.60401  -7.21631    0.0025    0.0220      1.37
        66  39.31350  -7.36057    0.0048    0.0180      0.46
        67  39.17338  -9.04854    0.0108    0.0143      0.05
        68  39.01234  -9.31658    0.0149    0.0072     -0.05
        69  39.14224  -8.58665    0.0074    0.0078     -0.12
        70  39.07731  -8.18733    0.0043    0.0086      0.07
        71  39.18913  -7.62273    0.0013    0.0144     -0.01
        72  39.03111  -7.10716   -0.0026    0.0211     -0.53
        73  38.77432  -9.44149    0.0148    0.0008      0.14
        74  38.89424  -9.09102    0.0135    0.0049     -0.01
        75  38.71370  -9.13316    0.0116   -0.0004     -0.25
        76  38.84057  -8.51905    0.0071    0.0066     -0.21
        77  38.68875  -8.54012    0.0093    0.0003     -0.12
        78  38.91634  -7.65408    0.0015    0.0120     -0.37
        79  38.72570  -7.98813    0.0034    0.0065      0.11
        80  38.73951  -7.58404   -0.0022    0.0116      0.06
        81  38.83989  -7.25875   -0.0023    0.0145     -0.13
        82  38.56616  -8.90027    0.0124   -0.0012     -0.12
        83  38.45280  -9.10678    0.0136   -0.0064     -0.16
        84  38.49190  -8.52310    0.0043   -0.0049     -0.09
        85  38.56915  -8.18995    0.0017   -0.0004      0.29
        86  38.24582  -8.23479    0.0011   -0.0062      0.09
        87  38.44828  -7.80087   -0.0034    0.0030     -0.20
        88  38.24618  -7.78391   -0.0051   -0.0007      0.06
        89  38.32214  -8.00515   -0.0016   -0.0022      0.17
        90  38.44237  -7.38159   -0.0084    0.0081     -0.31
        91  38.22847  -7.15384   -0.0135    0.0076     -0.23
        92  38.16926  -8.64557    0.0061   -0.0110      0.19
        93  38.05136  -8.43560    0.0022   -0.0150      0.05
        94  37.88158  -8.16754   -0.0060   -0.0170      0.00
        95  38.09417  -7.44611   -0.0126    0.0039     -0.05
        96  38.01732  -7.86555   -0.0083   -0.0067      0.05
        97  37.92970  -7.59349   -0.0134    0.0013      0.01
        98  37.96437  -7.28435   -0.0168    0.0054      0.75
        99  37.79439  -8.71875    0.0021   -0.0284      0.07
       100  37.86601  -8.42487   -0.0040   -0.0195      0.06
       101  37.50729  -8.71673   -0.0038   -0.0407      0.22
       102  37.61504  -8.38640   -0.0069   -0.0245      0.12
       103  37.79474  -7.45052   -0.0186    0.0010     -0.06
       104  37.70038  -7.76163   -0.0187   -0.0086      0.08
       105  37.61840  -8.07268   -0.0155   -0.0136     -0.02
       106  37.53873  -7.45089   -0.0279   -0.0067     -0.78
       107  37.28354  -8.86016   -0.0020   -0.0509      0.40
       108  37.31556  -8.59639   -0.0082   -0.0412      0.81
       109  37.21926  -8.78024   -0.0054   -0.0527      0.28
       110  37.37074  -8.08036   -0.0174   -0.0204      0.52
       111  37.48296  -7.85131   -0.0209   -0.0157      0.24
       112  37.33173  -7.40821   -0.0374   -0.0110     -0.86
       113  37.24346  -7.73905   -0.0281   -0.0215     -0.08
       114  37.18656  -7.48736   -0.0360   -0.0234     -0.82
       115  37.08551  -8.95176   -0.0075   -0.0646      0.33
       116  37.08815  -8.71854   -0.0123   -0.0503      0.14
       117  37.13836  -8.39457   -0.0173   -0.0387     -0.13
       118  37.10118  -7.93304   -0.0272   -0.0292     -0.23
       119  36.97460  -7.86518   -0.0264   -0.0288     -0.34